0 1,255 8,119,203 12,988 23,112 41,524 
05 1,107 
1 1,294,858 4,139 5,130 7,135,324,598,603,627 17,139 20,248 23,126 29,3 33,404,408,467 39,37 44,71 45,271 
10 1,2,82,141,596,740,840 3,98,161 4,105 5,15,323 9,414 12,121,321,353 14,11 15,267 17,243 20,126,139 23,220 27,201,256,470 33,482,493 38,142,202,244 39,162 41,337,454 45,287,299,374 
100 1,249,765,833,939 3,92 12,82,1000 15,71 17,199 20,120 21,124,228 27,343,355 31,89 33,558,574,602,620,647,668,695,712 
1000 1,328,335,351 8,25,196,213 27,84,224,277,455,515 30,158 
11x5x3 12,885 
12 33,111 
125 12,409 33,559,575,603,621,648,669,696,713 
13 1,757 
15 1,406,583 20,243,250 21,106 27,333 33,749,786 45,426,447 
150 1,524 7,385,411 27,114,132,239,295,305 33,560,576,604,622,649,670,697,714 
1500 1,908 
15x 17,179 
1on1 26,296 
1pm 14,25 
2 1,305,838 4,114,133 7,351 9,300,418 11,78 12,413,709,887 17,251 20,255,396 21,283,290 23,137 29,24 33,405,409,496 39,125,175 45,304 
20 1,134 4,127,141 7,338,348 14,430 25,30 26,186,194 27,183 45,354,391,413 
200 1,266,447 7,386,395,412,421 27,252 33,561,577,605,623,650,671,698,715 
2019 27,82,105,121,155 38,373 
2020 27,89,129,169,192,208,219,230,245,259,271,284,487 
2021 27,107,157,172,194,300,314,326,337,349,362,378,445 41,275,304,317,384,461,468,532,536,542,638,674,746 
20210108 41,818 
20210118 41,755 
20210125 41,747 
20210206 41,741 
20210207 41,709 
20210219 41,675 
20210303 41,670 
20210312 41,652 
20210319 41,639 
20210403 41,629 
20210411 41,624 
20210412 41,611 
20210419 41,577 
20210425 41,543 
20210508 41,537 
20210605 41,533 
20210703 41,528 
20210718 41,501 
20210730 41,469 
20210807 41,462 
20210904 41,447 
20210927 41,385 
20211002 41,378 
20211018 41,326 
20211023 41,318 
20211113 41,311 
20211129 41,305 
20211211 41,287 
20211224 41,276 
2022 27,286 41,56,107,186,268 
20220115 41,269 
20220205 41,263 
20220212 41,257 
20220219 41,187 
20220329 41,108 
20220401 41,76 
20220416 41,57 
21 25,34 
2100 27,175 
25 12,996 20,145 21,128 
250 7,387,413 27,123,226,409,479 33,510,518,527,535 
2500 27,370 
3 1,35,747,845,847,855,865,901 7,311,318,370 9,480 12,142,166 15,185,391 20,232,251,258,262,280,301,449 21,110 23,140 26,257,287,338 29,39 33,538 38,65 41,657 45,184,416 
30 1,162,357,686,889 3,121 5,44 12,191,257,267,303,314 14,300 19,76 20,173,273 32,250 40,203 45,427,434 
300 5,269 27,321 
3000 27,164 40,48,82,124,165 
32 15,162 
32xpng32pxframelessleft 33,74 
3x3 31,67 
4 1,28,169,389,878 5,280 7,425 12,179 20,397 21,153,232 23,143 29,64 33,718 38,66 39,58 41,406 44,68,141 45,249 
40 27,310 
45 17,126 41,404 
5 1,279,314,324,545,630,928,934 5,109,274 9,72,228,481 12,271,325,355,357 15,125 17,137,195,323 20,135,329 23,148 27,293 29,70 31,90,187 33,367 39,60 41,644,663 45,250 
50 1,261,378,605,794,926,931 7,367 12,747 17,282 20,142,326 27,423,456 28,39 32,269 33,557,573,601,619,646,667,694,711 36,48,100 41,520 45,290,302,323,338 
500 1,192,415 7,442,479 26,342 27,77,92,149,215,387,502 33,735,758,775,803 45,452 
57 5,123 
6 1,733 12,229 17,270 21,157 23,153 29,98 30,144 41,719 
60 1,919 3,124 12,940 17,272 38,205,217 
60k 27,267 
7 1,286,617 9,229 23,158 29,104 41,650 
70 1,272,480 17,193 31,87 
75 39,71 
8 12,743 21,162 23,170 28,44 29,108 33,28 
9 23,195 29,117 
abilit 1,535 5,208 8,278,358 11,14,154 12,154 13,242 15,389 17,315 19,199,203 20,442 23,92 26,331 32,72 33,137 34,10,17 35,13,84 38,215 39,120,149,151,158,170,209,212,236 41,616 42,146 43,44 45,342,395 
abl 5,59 8,323 13,311 14,359 37,160 43,17 
absolut 15,57 
absolutel 45,223 
absorpt 1,792 4,93,97,184,209 5,301 12,180 16,168 33,703 39,159 44,142 
abus 9,530 29,29,88,145 
acceler 7,515 19,123 26,398 
accept 14,185,308 
access 7,453 8,13 20,436 41,371 
accommod 38,103 41,212 
accomplish 1,962 
accord 20,371 
account 14,218,233 29,101 
accru 28,11 
accurac 1,273 
accuratel 44,139 
achiev 1,9,10,21,30,37,42,64,66,76,85,87,91,101,110,125,145,165,207,236,318,342,361,363,367,370,578,645,647,651,658,664,680,698,711,743,807,813,827,852,893,913,943,945,949,958,965,971,977,979,1001,1008 14,136,467,468,472 18,87 27,26,32,433,436 30,63 38,239 41,229,233 
achievementsachiev 41,227,525 
acquaint 44,20 
acquir 4,188 12,72,440 14,394 19,127 21,315,371 27,520 
act 1,144,574 2,122 3,78,145 7,548 8,138,231 12,675 13,160,185 14,16,139,337 17,300 20,106,166,178,359,370,431 21,214,265 24,112 27,2,10 28,48,85 32,89,93,221,246 33,462 38,265 41,682,750,771 45,258 
activ 1,104,111,921 27,37 32,229,252 
activel 41,333 
actu 9,294 
ad 27,16 
add 9,21 13,28,50 
addict 27,250 
addit 2,36 3,94 7,97 8,26,266 9,484 10,125 12,35 13,305 17,87,201 19,33,71,134 20,122 21,230,377 24,10 25,39 26,273 28,151 31,35 32,53,78 33,797 37,158 38,360 39,163 41,14 42,130 43,91 44,37,83 45,152 
additional 12,174 14,427 24,129 34,70 
address 41,483 
adher 38,5 
adjust 27,449 39,8 41,111,127,140,364 
admin 14,215,242,505 25,176,182 29,34 30,178,185 
adrenalin 7,340 
adv 35,46 
advantag 4,298 5,102,209 10,205 12,1030 14,407 32,204 37,124 44,140,175 
advic 15,356 
advis 3,178 4,147,182 5,121 8,181,414 9,519 16,199,225 37,111 43,184 
aegisrun 1,530 
aegiss 1,531 
aeri 1,117 
affect 3,173 38,56 41,16,343 
afflict 23,25,87 
afford 44,161 
aggro 3,201 
agil 43,16 
ai 1,515 2,178 5,148,171,181,194,199 7,131,170,191,274,458,498,545,585,607,613,622,629,656 9,430 13,288,290,299,350 21,113,287 28,145,157 31,168 33,303 41,279,327,339,345,350,357,706 45,129,157,235,259,454,459 
aid 9,289,318 
aim 2,170,184 14,325,521 32,19 35,69 37,167 40,73 41,610 42,163 
aimlessl 4,274 
air 5,228 8,307 11,47 20,47 25,140,151,205 37,54,94 43,68 
al 1,106,116,340,348,355 5,14 8,118 12,26,61,63,67,70,74 15,62,260,307,311,313,495 16,66 17,227,268 21,17,78,81,207,241,348,387 25,83 38,92 
aleal 26,115 
aleh 15,61 
alemight 38,90 
alepng32pxframelessleft 12,59 
alert 3,230 14,37,114 28,82 29,76 
alfon 1,427 2,4,16,26,30,43,72,81,105,108,111,129,174,182 18,120 
alfonhookshothookshot 1,430 
allow 3,73,164,182,202 5,40 9,124,132,269,486 12,139,836 15,65,91 16,76 17,344 19,143 20,157 23,238 24,67,164,175 26,239,429 28,97 31,96 32,95 33,168,662 38,343 39,88,107,133,201,251 41,694 44,162,170 
alongsid 14,266 39,247 
alt 13,393 
altern 4,304 5,338 6,13,24,34,41 33,353 
alternativel 19,181 29,149 
altogeth 5,89 9,136 10,139,155 43,126,164 
amaz 38,166 
amidst 21,204 
ammo 4,189,212 21,111,125,133,148,154,291,313,327 33,51 
amount 1,345 4,67 7,178,666 9,223 12,627,682,945 14,142 19,91 20,235 21,326 25,14,18 27,30 28,13,109 32,152,191,240 33,69,105,487,598,616 35,87 36,30,115 39,220 45,239,333 
ampl 26,135 
amplif 9,32 
amplifi 20,365 
anci 16,33 
ang 25,103,111 
angr 25,101,189 
anno 29,52 33,154 
announc 27,20 41,32,831 
anticip 17,337 28,107 
antidwarf 8,336 
app 14,187,202,206,217,219,238,299,305 
appealsatcoatharcom 14,212 
appear 7,492 12,1016,1032 13,270 25,184 32,5 38,78 40,16,61,137,181,216,312 45,408 
appl 14,265 
appli 4,151 
applic 41,809 
appreci 39,11 
approach 4,5 16,6 28,4 35,77 36,4 37,6 42,4 43,4 
approv 40,294,299 
april 13,20,24,26,40,81,109,122,200,276,429 27,106,207,473,484,488,524 41,55,541 
arc 21,108 
arch 5,129,156 9,59,290 27,249 41,50 
area 1,569 5,38 8,314 9,69,388,453,475,483 13,352 15,281,336,491 23,27,248 31,68,74,183 32,153,178 33,344,349 41,515 42,176 43,79,96 
argu 29,86 41,179 
arianna 1,413 3,3,11,39,57,79,86,131,134,148,203,216 18,115 39,28,264 41,139 
ariannarub 1,419 
arm 1,580 35,28 
armor 1,172,177,187,228,703,708 2,143 5,97,266,275,277,281,284 7,151,255 8,282 12,331,336,340,346,349,361,363,364,366,368,374,391,394,397,400,493,960,967,970,990 13,131,140,142,150,155,190 14,384 15,134,136,139,142,187,193,201,344 16,16,124,164 19,194 26,131,311 27,281,519 30,102 33,191,268 38,93 39,31 40,239 43,137 44,99 
armorarmor 26,122 
armordwarven 15,133 
armorpng32pxframelessleft 12,329 
armour 27,184 
arr 8,33 34,156 40,119 
arrow 1,221,469,473 2,189 4,250 5,347 12,200,230,235,238,242,247,278 14,508,517 15,113 16,95 17,205,209 20,79,276,336,342 23,59,76 31,47,59,64,76,99,107,113,122,131,140 33,30,35,39,43,46,56,488,506,515,523,532,569,635,683,700,731,770,790,794 34,37,117,154 38,165,263 39,165 41,132 42,100,160 43,148,197 45,112,382 
arrowsling 38,114,158 
art 27,98 41,627 
articl 13,107,198,267,427 14,153,481 15,367 26,175 28,148 
artillar 4,4 
ask 18,85 
aspect 4,153 
aspir 3,15 21,33 
assault 5,191 9,13 26,235 
asset 15,290 
assum 14,103 
athalux 1,449 24,8,20,25,43,118,158,171,195 
attach 34,23,58,119,146 
attack 1,218 3,129 4,286 8,127,262 10,120,192 11,161 12,122,448 13,240,319 19,159 20,421,443 21,163 26,435 29,17 33,370 34,26,52,72,132 36,124 42,124 43,73,84,86,101,110,125 45,148 
attain 24,127 
attempt 4,216,220,299 8,202 9,328 14,72,226 15,248,363 25,170 26,227 28,70 33,275 37,23,138 45,199 
attent 33,271 38,358 
attrit 7,128 39,137 
aud 28,128 
audio 39,80 
aug 10,89,121 43,87 45,149 
august 27,81,156,258 41,460 
authorit 17,68,72 44,17 
automatical 13,97 14,10 27,36 41,813 
availabilit 1,989 
aveng 13,336 
avers 41,283 
avert 25,125 
avoid 7,253 8,395 9,360 10,136,153,200 14,164 15,442,453 16,92,111,170,183,200 28,77 35,100 36,78 37,182,220 41,347 43,112,117,124,161 45,110,181,224 
aw 20,65 21,46 
awaken 1,767 7,197,215,457,497,521,534,588,594 
award 1,12 26,209 
ax 12,509,514,519,522,523,532,755,826 41,427 
axelumberjack 12,754,825 
axepng32pxframelessleft 12,507 
ba 8,384 26,229 32,33 
backped 33,277 
bad 14,251 
bait 4,217 14,73 
bak 1,753 
balanc 13,33 
ball 36,37,44,60,102 
ban 14,156,157,165,167,174,178,180,184,186,189,191,196,200,203,216,220,229,230,237 
banswarn 29,95 
bar 5,276,282 12,404,979,983 15,74,215,308,314 
barpngthumbrightshrin 30,4 
barri 12,266 33,701 39,166 
bas 1,866 7,312,334 14,98,131,334 15,392 24,70 26,258,288,339 33,478 41,585 45,295 
basi 40,22 
bat 13,363,371,374 
battl 8,49 17,78 20,58 26,297 33,266 38,79,128,182 40,115 
battlefield 7,226 11,120 17,242 39,95 
battleground 32,205 
beam 1,550,633,639 20,194,197,216,223,226,233,236,249,256,263,265,272,281,290,324,332 41,587 
beast 5,234 
beat 5,245 26,11,36 
beaten 19,51 
beautiful 2,49 20,86 
befal 25,36 
befallen 2,14 
behavior 14,252 41,344 
behaviour 14,168,195,223 29,53 
behindthescen 41,26 
bend 9,422 
benefici 33,407 
best 5,93,167,220,242,254,296 8,216,280,394 16,159 34,118 37,205,217 44,106 45,180,256 
bett 9,161,212 14,389,395 15,230,479 17,10 25,144 
bettersuit 30,73 
bewild 13,225 
big 22,7 27,263 
bigg 34,33 
bigotr 29,8 
bit 9,444 39,109 
blad 10,31,81 17,112 40,36,56,148,176 45,26,284,346 
bladepng32pxframelessleft 10,26 40,33,147 45,21 
blast 7,61,69,71,101,235,296,321,372,379,427 12,690 37,62,221,227 
blaz 1,211,789 4,3,6,27,35,53,64,77,79,89,120,122,142,162,167,186,191,198,205,224,232,242,252,278,288,294 5,134 10,74 18,141 36,107 39,190 41,155,219 
bleed 8,253 20,394,400 41,355 
bless 17,37 21,198 
blind 3,232 12,738 15,167 23,163,176,201 26,139,427 31,137 
blink 1,237,450 24,35,46,120,132,145,159,172,196 41,615 
block 1,164,280,448,523,538,713,891 3,220 5,45,110,124 7,123,130,169,176,187,408,420,461,501,520,541,550,576 9,68,73,146,147,230,232,296,301,334,415,448,482 10,69 12,263,268,272,337,375,377,488,494,531,768,797,805,888 15,121,126,330,339 16,47,75 17,140,196,281 20,330 21,107,138,233 24,162 26,322 27,311 28,50 29,59 31,91,188 32,44,88 33,368,802 36,43,49,101 41,72,171,421,425,788,795 44,89 45,56,362,371,428,435,448 
blockag 9,154 
blood 1,401 27,222 
bloodi 40,210 
bloodlust 13,64 
bloodthirst 27,330 41,352,535 
blow 1,234,706 7,4,204 9,140 17,229,238,312 35,4 37,24,86,109,139 
blown 9,362 12,631 
blue 7,179,207 12,638,780,798,810,860,911 14,400 32,232 
bo 40,72 
bod 25,154 
bold 1,454 17,67 
bon 17,157 33,15,29,52,55,64 
bonu 14,143,422 19,77 25,64 
book 41,373 
boon 17,43 
boost 3,158 27,497 36,75 38,201,323 42,104,152 
boot 13,137 14,377 24,23,55,59,94,182 27,181 41,382,497 
bootspng32pxframelessleft 24,53 
bor 10,12,70,103,169 
boss 30,3 
bottom 9,353 
bounc 25,139 
bout 21,284,306 
bow 1,267,460,462 5,41,54 7,645 9,108,312 12,214,240,251,255,273 15,114,128,284 17,100,155 20,212,269,277,286,321 27,306 28,175 31,44,61 33,17,41,54,66,112,146,212,689 38,168 39,124,174 40,75,84,96 41,129,554 42,95,165 43,183,203 45,187 
bowl 12,550,552 
bownerf 1,276 
bowproc 27,346 
box 4,176 7,158 9,465,473,508 12,1020,1034 24,187 30,162 33,452 42,77 
boxpngthumbrighta 9,469 
br 2,48 3,52 4,24,31,32 7,10,14,15,529,536,537,561,568,569 8,51,59,60,77,85,86 9,337,338,339,373,374,375,376,377,462,463 10,24,32,33,54,62,63 11,22,28,29 12,90,91,92,93,94,95,96,97,203,280,327,422,469,470,471,495,496,497,498,499,500,501,502,503,504,505,559,560,604,642,643,644,645,646,647,721,756,757,758,759,760,761,848,869,919,920,921,922,923,924,948,949,950,951,952,953,954 13,212,284 16,28,35,36 17,106,151,154,216,221 18,66,80,94,123,145 19,49 20,85,183,187 21,86,189,194 24,26,51,56 28,21,27,28 31,51 33,10,18,19,49,57,58,71,81,82 34,43,50,51 35,24,29,30 36,15,21,22 37,27,33,34 38,125,155,159,175,179,228,232 40,44,45,78,79,120,121,161,162,199,200,260,261,288,289 42,20,26,27 43,25,31,32 44,51 45,19,27,28,42,49,50,64,70,71 
break 1,682,700,707,915 5,247 8,375 10,68,87,118 12,150,739,903,999 14,47 15,325,404 16,26,74 19,204 27,214,354 28,15,36 29,73 32,263 33,281 36,61 38,240,301,364 41,247,450 44,88,152 45,55,59,361,370 
brew 1,103,140 
brick 7,181,184,210,573 12,640,778,782,793,800,809,812,816,862,896,913 40,307 45,63 
brickpng32pxframelessleft 40,284 
bridg 9,55,340,344,348,359,366 
brightest 40,152 
bring 2,67 13,255 17,28 29,99 38,34 40,109,156 
brink 1,796 27,291 41,744 
brittl 17,117 
broken 1,170,695,804 5,285 8,158 9,191 10,60 12,385 15,199,428 16,56 17,107,150 21,188 28,42 40,238,241 
bronz 1,993 
broodmoth 1,763,770,776 7,194,200,214,276,451,455,481,483,506,511,532,551,565,574,593,601,612 12,718 18,129 41,749,789,791 
broodmotherbroodmoth 41,775 
brought 1,938 17,50 20,25 
brows 18,64 
brunt 37,183 
bubbl 34,4 
buf 4,130 33,210 39,85 
buff 1,600,793 3,155,214,223 4,19,59,117,185,210 8,378 10,51,208 13,341 15,297 16,161 17,260 19,166 27,498 33,199 34,151 38,284,299,310,324 39,78,195,235,250 41,149 44,151 
buffalo 1,591 17,103,220,368 41,423 
buffalohorn 1,590 
bug 14,513,526 29,31,33 39,22 41,8,22 
build 2,109,119 3,132,142 9,1,62,184,479,487,517 12,591,620,660,669,773,785,846,853 15,50,222,226,234,357 17,287,297 19,117,136,144 20,346,356 21,252,262 22,84 24,99,109 25,4 26,13,38,54,56,65,93,145,161,236 29,14 30,112 31,117,125 38,249,259 40,291,293 41,120 44,103 
built 9,46,56,82,123,401 
buisnessmanlik 19,23 
bulk 19,92 
bunch 7,206 
burden 15,436 
burn 1,151,735 4,156 21,40 
burrow 36,54 
burst 7,79 11,138 41,64 
button 41,366 
bypass 9,234 33,285 36,91 
cad 19,24 
cak 1,758 12,202 13,61 14,452,453,465 38,120,231,238,241,281,303,305 41,79,80 
caliburn 17,98,105,110,119,143,208,363 41,422 
call 1,579 13,90 14,77 29,71,131 32,9 34,125 37,131 
cancel 1,732 11,61,67 20,165 
cannon 1,212,790 4,7,28,36,54,65,78,80,90,121,123,143,163,168,187,192,199,206,225,233,243,253,279,289,295 5,135 10,76 18,142 33,681 36,109 39,157,184,191 41,157,221 
cannonblaz 10,75 36,108 41,156,220 
cannonpng250pxframelessright 4,2 
cap 1,914 2,17,66,153 7,77,120,133,456,496 8,34 10,11 13,178 16,114 19,120 20,192,229 21,39,92,99 32,138,262 35,18 36,9,110 42,11 43,9,128,199 44,87 45,85,289,301 
capabilit 17,202 42,188 43,212 
capacit 12,57 
capit 3,179,212 19,164 
captain 1,426,429 2,3,13 18,119 
captur 1,202,918 15,26,34,249,376 16,139 18,45,53 26,25,50,247,441 32,20,23,26,38,48,108,123,135,163,168,188,194 36,80 41,797 45,93 
car 13,58 21,249 
carapac 7,331 
card 1,988 
carr 1,832 7,478 12,626,680 34,157 38,334 
carri 2,44 19,41 20,76 21,73 23,251 24,18 31,43 38,183,235 40,278 44,45 
cas 2,77 5,46 8,432 9,397 20,401 26,298 
cast 12,226 19,13 33,25 
catch 1,291 7,103 8,435 11,140 33,247,259 43,58 
catchal 29,119 
categor 40,30 
categori 1,29 
caus 4,155 21,349 26,312 32,139 33,729 
ceil 9,439,512,518 
cent 8,312,321 31,69 
chain 41,66 42,150 
challeng 13,120,141,188,191 14,493 27,373,379,517 30,53 
chanc 5,324 7,418 12,192,794,801 23,117 25,55 33,566,684,693,787 41,278 45,57,368,404 
chang 5,56 6,69,71,100 12,1031 13,30,254 27,399 30,62,84 32,259 33,751 34,130 39,87,131,177 41,6,15,27,38,689 
channel 1,182 29,113,115 30,46 41,33 
charg 5,327,334 11,19,35,42,60,68,92,121,127,166,170 12,306,322 17,73 24,36,121,146 26,320 41,547,555,584 
chas 2,169 24,123,149,169 44,132 45,163 
chat 6,88,102,105 14,71,79,473 15,364 29,19,45,61,74,87,96,133 34,127 41,690 
cheat 29,25 
check 14,173 27,41 32,50 
checkerboard 29,55 
chest 12,1042 14,134 
chestpl 1,803 5,246 8,149,157,376 12,149,356,389 16,25,55,62,88,98,150 19,177 21,343 44,159 
chill 35,2 
choic 7,59,68,315,320 
chok 9,83 
chokepoint 9,20 33,286 
choos 7,47 
christen 1,602 21,206 
christma 13,385 
circumv 16,81 
cla 1,498 
claim 25,117,128 
class 1,296,655,849,861,863,867,948 8,7 14,349,354 18,125 23,13 
classwikit 7,326,353,374,400,429,446 33,469,498,542,581,627,675,722,739,762,779 45,273,306,418 
clear 3,87 9,127,155,200,501 15,280 20,115 21,223,308,328 23,65,72 28,130 45,253 
clearal 13,213,285 
cler 1,410 3,152 
click 1,185,440 2,61,99,148 3,82,100 4,34 7,17,38,43,539,547,555,570 8,62,73,88 10,35,65 11,30,62,70 12,69,77,108,118,212,223,232,237,288,299,372,376,408,432,480,517,529,537,554,566,570,576,674,705,711,719,771,880,935,963,977 13,47,409 14,448 15,69,109,149,258,482 16,38 17,237 20,110,128,131,148,163 21,140,150,218 22,23 24,42 28,30,47,55 32,85 33,21,32,38,63 35,32 36,24,32 37,36,71,77,141,193,200 38,135,191,207,242 42,29,41,57 43,34,64 45,30,38,52,73,344 
client 29,28 
cliff 33,443 
climb 9,264,298,306 24,62,69,161,166,218 
clos 1,642 4,82,88,258,287 7,28,83 8,125,174,179,243,387 9,141 10,140 12,803 15,292 21,363 23,83 25,211,214 26,156 33,363 34,114 37,116,210 40,169 
closequart 21,9 
closest 31,26 44,19 
cloud 31,78 
clust 36,2 42,2 
coathar 18,9 
cobbleston 12,199,441,606,611,612,628,629,766,775,790,859 19,135 29,58 41,169 45,60 
cold 25,207 
collect 1,614 12,40,512,602,931 13,417,419 17,309 26,67,104,267 27,435 41,299 
collectivel 1,349 27,15 
com 16,87 21,12 26,61,232 37,199 
combat 1,113,808 3,187 4,256 5,1,10,21,30,32,86,100,104,159,163,262 10,116,138 12,15,39,48 15,145,256,432 16,94,218 18,74 21,10 26,22,47,90,222,224 27,205,297 32,146,175 33,401 38,307,313,328,351 43,57,163,189 44,31,122 45,221 
combin 1,967 
combo 1,259 27,254 
cometh 25,133 
command 6,2 14,52 18,93 29,136,146 41,173,177 
commando 1,223 
commit 27,199 
common 1,38,41,99,368,656,956 9,177 14,253 22,9 29,123 
communit 41,34 
compan 1,333 
compar 19,213 22,67 30,27 
compass 6,54,81 12,562,563,564,567,569,580 14,451 15,205 
compasscompass 14,447 15,204 
compl 13,216 
complet 9,343 14,137 17,16 20,59 27,24,56,60,95,108,136,158,178,195,209,220,231,246,260,272,287,301,315,327,338,350,363,389,417,444,463,490,509,526 31,28 45,473 
completel 4,207 5,316 7,291 9,237 10,135 23,35 25,215 33,418 
compos 9,391,410 12,892 
comrad 13,381 
conced 15,490 17,82 
concern 9,214 
condemn 17,53 
condit 12,246 37,88 
conduct 29,122 
conflagr 1,742,751 33,727 
confus 9,112 13,224 
conjunct 11,113 24,194 39,192 
connect 41,482 
conqu 17,77 
consecut 5,68 39,68,99 45,185 
consecutivel 41,199 
conserv 3,165 
consid 1,161,888 14,439 
consider 4,43,66 7,24 36,103 37,46 40,11 
considerabl 15,124 22,66 26,165 30,26 
consist 12,3 24,223 42,167 
consistenc 39,150,211 
const 34,14 
constantl 16,128 26,306 33,411 43,77,141 
constitut 12,261 15,265 
construct 9,54,92,119,198,275,471 24,168 26,148 33,249 35,55 39,27,263 
consum 4,52 7,582,590 12,7,412,708,827,828 13,143 25,216 45,78 
cont 12,1033 
contact 14,302 42,49 
contain 17,52 
continu 3,154 7,247 10,177 15,276,437 16,119 20,456 21,129 26,86,332,397 38,333 43,132 44,172 
continual 5,244 33,153 
continuousl 1,933 
contract 25,86 
contribut 1,344 
control 16,132,134 20,51,153 35,85 
convent 40,13 
cooldown 3,123 17,263 20,172 38,141,204,216,294 39,119,148,169,208 41,255,489,495,498 45,350 
cor 7,359 13,394 
corn 8,396 9,427 16,102,188 24,124 45,200 
corps 25,156 
correspond 40,26 
corrod 36,10,38 
corrupt 8,317 20,36 
cosmet 12,1024,1027 13,397 14,374 40,267 41,456 
cost 3,91 7,7,308,310,330,357,378,404,433,450 10,82 12,81,972 15,70,154,398 20,119,144 21,227,239,289,312,324 26,344 28,164 30,157 33,473,502,546,585,631,679,726,743,766,783 45,277,310,422 
costum 13,275 38,375 
council 17,71 
count 1,152,282,399,773,892,978 4,245 7,638,647 12,417 13,156,180,415,420 28,169,177 30,90 41,642,648,655,661 
countdown 41,376,815 
counteract 32,143,166,193 
counterpart 43,146,206 
coupl 9,93 33,98 
cours 1,19 12,132 13,1 45,257 
court 20,18,191 
courteou 20,44 
crack 16,142 
craft 12,334 13,54 15,112,159 20,335 26,132,140 31,106,130 44,52 45,216 
creat 7,566,583,599,604 9,6 12,9,228,365,876 14,100 16,77 17,156 33,27 35,38 
creativel 42,158 
credit 22,20 41,240,300,783 
creep 1,157,668,729,755,870,876 5,52,133,215,217 6,91 7,2,12,18,39,50,70,72,95,102,110,112,125,165,173,196,212,218,236,244,259,289,294,297,302,333,342,358,361,373,381,392,399,407,417,428,437,445,452,487,489,502,505,578,611 8,23,330 9,137,446 12,689 13,215,220,223,228,241 15,396,422 18,128,138 26,262 27,111,118,124,126,133,135,139,141 28,155 35,94 37,5,8,17,30,38,73,83,100,118,121,129,153,191,213,230 39,189,261 41,194 
creeperai 28,149 41,202 
creeperbroodmotherbroodmoth 41,189 
creepercreep 8,327 11,85 12,632 23,74 27,115 37,20,113 
creeperpng250pxframelessright 37,2 
creepersup 8,329 27,117 35,93 
crevic 28,75 
crippl 23,91 26,330 33,632 
crit 3,194 12,21 
critical 15,170 
cross 24,177 33,380 
crouch 11,64 24,64,72,84,212,214 
crowd 2,158 33,239,302 44,138 
crush 38,130 
cue 8,270 42,134 45,156 
cultist 40,189,208 
cumulativel 1,936 27,102 
curiou 3,13 
curr 6,49,79 21,147 23,104,184,209,244,253 30,167 41,175,724 
currentl 23,165,178,203 32,92,220 
curs 17,38,49,75 
cursor 20,156 
custom 41,389 
cycl 17,56,61 26,395 
d 7,138,470 9,151 15,32,317 18,51 26,365 33,170 
da 14,301,332 21,62 26,73,401 
dagg 24,19,27 40,211 41,433 
daggerpng32pxframelessleft 40,191 
damag 1,331,526,537 2,89,91,98,160,192 4,44,47,76,268 5,37,143,213,225,240,288,311 7,25,31,56,75,80,107,115,239,265,362,382,409 8,66,283 9,225 10,40,48,79,154 11,16,44,52,65,73,86,130,139,176 12,123,244,252,259,275,279,326,401,449,961 13,118,218,326 15,117,130,144,287 16,14,44,107,118,165,172,194 17,171,180,194,200,284 19,152,160,170,192 20,274,284,328,333 21,164,171,175,350 23,38,80,188,213 24,48,133 25,108 26,147,307 28,35 31,72,86,102,163 32,79,133,140,241 33,45,109,156,163,182,198,208,221,366,479,589,599,798 34,15,29,74,149 35,19,52 36,31 37,18,47,105,114,185,216 39,34,53,64,106,129,144,225,245,249,262 40,232 41,65,135,191,431,521 42,119,139 43,12,38,63,131,176 45,34,88,190,208,233,240,279,282,444 
dang 1,264 5,326 13,235 21,386 26,321 28,98 43,71 
danger 4,292 7,219 15,476 21,244,355 23,258 26,282 33,372 43,171 
dar 40,158 
daragor 25,186 
dark 3,22,213,224,233 10,53,110,204 12,735 13,342,344,348 15,165,298 26,17,42,136,417 31,138 33,607 39,234 42,34,111 43,14,43,78,177 45,142,438 
daynight 26,394 
daytim 26,410 
deadl 1,283 2,188 
deal 2,161,167,190 7,34 8,65 10,39,78 11,15,72,136 12,120 14,85 16,12,42,105,163,212 17,192,198 26,293 28,32 29,83 31,100 32,77 33,219,436,448,796,799 34,13,28,155 39,243 41,63,133,190,519 42,172 43,37 45,33,206,231,237 
dealt 2,96 14,105 16,229 23,123,187,212 33,600 43,174 45,182 
death 1,239,662,797,798,816,897,907 2,75,199 4,277 5,204,230,251 6,86 8,2,14,31,44,54,57,63,74,81,83,89,116,123,128,135,147,150,167,184,194,226,237,244,284,351,382,397,408 9,363 12,24,147 13,79,91,101,317 16,195 17,57 18,143 19,11,29,174 20,53,175 21,48,177 23,230 25,43,115,116,124 26,346 27,236,247 33,308,323,444 35,101 40,118 41,507,522,570,612,618,621,676,687,764 44,156 
death27 26,349 
debri 9,441 
debuff 16,181 34,67 
deca 40,111 41,680 
decemb 27,154 41,274 
decentl 28,129 
deceptivel 42,92 
decid 14,224 
decommiss 1,699 
decor 1,980 21,27 39,30 
decreas 9,402,451 45,349 
def 26,169 
default 12,245 14,396,402 20,271 34,82 
defeat 9,238 17,83 
defend 9,36 12,12,598 15,22,53,231,338 18,41 27,203 32,16 
defens 1,327 4,15,48,172,237 7,6,117,262,304 9,8,9,23,34,39,45,118,172,178,207,284,345 11,18 12,11,622 15,51,229,419 16,82 18,72 26,66,144,150,238,439 30,99 32,106,176 33,318,351 39,199 
defenseless 21,376 
defensespngthumbrighta 9,342 
defensespngthumbrightan 9,282 
defil 19,9,44,48,68,96,106,142,162 40,159 41,119 
defilepngframelessleft 19,46 
defilestaff 41,118 
deflect 1,213,216,219 
deflector 27,500 
defus 27,113,142 
degrad 10,21 36,40,55,99 41,170 
dela 7,658 17,253 20,441 
delet 23,168,181,206 
deliv 13,422 20,413 27,421 41,294 
demis 9,320 17,60 23,218,226 
demolish 33,784 39,167,207 
demon 20,205 21,50,58 27,74 38,131,149 
den 8,357 32,70 45,209 
denot 14,446 26,78 31,77 32,230 
depend 1,994 14,267,501 16,63 17,265 20,237,266 26,200,382 32,113,117,157 37,115 
deplet 16,122,154 43,135 
deposit 1,248 12,697 27,148 32,97 
desc 24,79 
descript 6,4,16,27,38,46,55,60,93,99,103,107,113,120 7,328,355,376,402,431,448 14,82,90 33,471,500,544,583,629,677,724,741,764,781 45,275,308,420 
descriptionev 26,3 
descriptionwelcom 18,10 
despit 17,116 
destin 16,101 
destro 1,675,756 3,127,210 4,13 9,324,332 16,18,46 19,52,206 26,438 33,317,342,419,424,431,685,801 41,71,144,505 
destruct 4,42,201 7,62,109,111,119,124,164,172,195,211,224,258,301,322,398,405,444,488,577,610 13,219 17,18 20,202 26,283 28,154 40,40 
detail 22,24 
detect 28,78 
deterior 15,421 
determin 9,24 
deton 7,390 
detri 9,28 15,289 
devast 4,267 13,437 35,15 40,257 
devot 7,74,114,163 
devour 33,608 
devout 1,189 
di 7,625 13,365 14,419 15,243,370 45,77,398 
diamond 44,93 
dick 29,121 
dict 9,44 33,93 
die 1,398,586,670,824,884 4,213 9,50 13,103 15,15,17,239,430 16,90,149 17,276,324 18,34,36 23,11 25,27,49,77,93,199 26,191,197 28,166 33,403 37,95 
diff 13,12 
differ 12,22 39,102 40,12 
differentl 26,381 
difficult 5,80 9,58,219,533 26,291 33,333 34,102 42,102,105,186 43,210 45,196 
dig 10,3,27,36,58,66,94,111,149,162,183,197,202 12,438,459,467,613,653 18,130 19,113,121 26,123,422 31,154 36,65 39,232 40,105 
dilig 10,152 
diminish 4,101,109,208 
diplomat 20,22,43 
dir 5,292,307 
direct 6,6,18,110 11,36,131,173 12,579,889 14,511,520 15,431 16,217 17,125,226 24,71 31,30 37,198 41,67 
directl 2,70,82,92 4,269 7,579 9,313,317,459 12,664 20,377,414 27,493 31,161 32,42 41,778 42,138 
dirt 19,19 
dis 14,326,443 30,66,121 
disallow 9,478 
disciplin 2,23 
discord 14,32,207 29,12,66,111 30,43 41,35,830 
discrep 26,386 
discuss 14,69 29,94 
disengag 12,318 
dislodg 12,688 
dismount 34,85 
dispatch 5,87,146 
displa 12,572 14,148 20,63 21,146 30,6 41,182 
displac 11,156 24,189 
disrupt 11,88 13,116 42,84 
dist 8,43 27,309 33,106,278 35,59,67 38,140 
distinct 33,7 41,408 
distract 13,214,222,227 
distress 13,158 27,513 41,636 
div 8,207 
diversif 7,292 
domain 41,470 
doom 1,242,801,898 8,93,99,104,110,142,162,164,171,191,218,241,289,291,295,302,325,334,359,364,391,418 23,227,235 25,204 27,241 40,110 41,512 
doubl 1,835 19,98,200 41,592 
dozen 1,754 
dr 1,246 19,220 
dragon 17,158 25,98,192 33,547 
drain 5,264 7,512 8,208,263,399 15,433,485 21,246 26,304,308,314,370 27,163 33,161 39,139,218 40,236 42,15,37,113,127 
drastical 33,189 42,40 43,39 
draw 3,198,204 25,213 31,92 38,160 39,123,173 41,128 
drawn 17,163 33,145,571,792 
dress 13,157,273 27,512 41,635 
drink 27,290 33,83 41,743 
drop 7,476 8,310 9,48 13,406 
dumb 45,242,462 
dupl 41,736 
dur 2,53 8,220,333 13,17 20,182,298 23,43,56 26,77,81 33,237,555,642 38,213,297 41,402 45,386 
durabilit 5,267 10,83 12,406,411,985,995,997,1005 16,59,91,151 33,192 45,366 
durend 41,582 
dvz 1,5 5,2 14,272 22,3,12,31,61 30,21,59,151 41,2 
dwarf 1,31,84,86,90,93,100,112,119,154,159,204,206,231,258,265,301,308,316,595,661,666,716,721,725,812,815,823,831,856,953,968,1005 5,11,113,271,290,322,332,349 7,29,269 8,402 9,26,265 11,96,122,128 12,20,43,51,56,136,153,158,175,190,287,308,341,344,351,362,367,390,393,396,399,585,594,684,692,728,736,804,839,890,959,974,1026,1038 13,62,134,164,170,320,364,411 14,348,353,355 15,46,120,137,194,214,272,346,369,468 16,103,113 17,31 19,64 20,132,388 21,367 23,68,81,129,167,180,183,189,205,208,214,221 25,121,122,129 26,295,309 27,96,109,137,159,196,210,232,261,288,302,316,328,339,351,364,390,418,440,464,491,510,527 29,56 32,110 33,188,202,214,254,369,390,591,594,612,733,734 34,30,39,53,59,62,63,75,84,134,140,147 37,60,97,104,140,247 38,208,221,271,330 39,82 41,180,640,653 42,68,110,114 43,53,119,120,127,154,215 44,75 45,202,218,245,267,315,329,425,429,430,433,437,445,446,449,466 
dwarv 1,338,339,343,422,540,631,641,741,786,839,846,879,883,886 2,124 3,20,61,110,147,174,183,218,228 4,45,71,154,195,218,229,259,301 5,26,145,192,210,214,227,253 6,64 7,5,26,76,82,87,104,145,154,241,252,283,300,363,383,473,526,635,662 8,39,69,126,206,209,222,249,250,273,342,355,388,413,416,437 9,4,15,49,76,95,100,125,133,142,150,169,329,355,364,461,488,534 10,19,102,130 11,17,40,55,89,102,119,157,160,167 12,8,30,114,169,219,249,253,269,348,461,597,625,658,672,677,830 13,42,96,117,124,226,234,296,329 14,351,358,393,457,494,527 15,2,8,10,21,30,35,42,64,135,160,166,183,224,237,242,253,293,299,304,309,333,359,380,406,429,444,445,460,472,488 16,65,187 17,13,232,241,267,275,302,308,325,370,383 18,6,12,18,21,27,29,40,49,54 19,133,191,209,216 20,10,24,39,49,57,64,209,224,361,368,373,384,395,402,415,420,444 21,16,209,231,267,380,385 23,24,44,86,259 24,114,157 25,10,15,19,25,35,48,95,100,109,146,169,190,197,206 26,5,16,28,30,41,53,58,84,85,92,166,179,189,226,242,248,251,292,303,328,364,369,374,426,437 28,69,83,89,115 29,60 30,54,96,100,108 31,123 32,14,29,31,65,81,82,126,142,165,192,203 33,6,107,140,155,233,246,260,263,300,315,320,326,348,357,391,410,421,441,508,517,526,534,637,772 34,12,22,32,91,109,120 35,22,49,60,74,83,95 36,13,28,46 37,15,25,48,51,87,90,132,134,147,174,180,197,224 38,38,197,264,267,275,279,325,337 39,108,140,202,254 40,15,233 41,198,234,286,298,332,348,356,695,731 42,13,16,32,38,48,75,85,143 43,13,60,72,81,107,198 44,63,119,164 45,17,114,126,132,146,164,222,470 
dwarven 1,139,312,570,702 2,57 4,14,171,222,236 5,317 7,216 8,349 10,160 11,142 12,1,100,105,112,205,217,284,292,296,330,418,425,430,436,465,752,818,823,871,877,881,904,915,1006,1011,1014 13,149 14,383,386 15,59,79,83,101,105,131,157,180,377 16,143,196 17,45,70,147,182,187,224 18,70 21,185,391 26,68,98,107,110,113,116,120,124,128,133,141,316 27,186,521 28,99 31,83 32,6,217 33,358,373,429 34,135 35,54,78 36,57,104 37,150 38,24,101,151,170 40,59,89,93,135,179,214,254,272,276,310 41,96,410,544 42,135 43,167 45,176,210 
earl 11,99 12,23 13,23 16,93 26,254 
earn 1,8,11,22,43,50,56,61,77,88,94,126,146,364,648,652,663,946,960,963,981 14,130,370,412,416,421,433,474 21,36 27,4 30,160 31,17 40,2,19,202 41,716 
eas 7,277 9,158,309 12,837 15,283,302 16,84,177 17,369 20,383,471 28,141 33,218 36,128 37,163 
easi 9,270,273,276,500 12,450,901 26,154,240,301,361,431 31,158 33,125,355,379 37,188 38,352 41,609 42,190 43,191,216 
easiest 8,373 32,45 
easil 9,113,428 11,117,155 12,634 20,422 24,184,206 31,171 33,439 45,140,205,246 
eastern 14,26 
eat 14,459,462 28,63 38,236,304 
effect 1,143,150,555 3,90 4,214,264,272 7,220 8,348,385,423 9,22,160,185 15,178 16,104,185 19,112 20,118,440 21,226,344 23,23,90,99,111 25,79 26,149,237 30,111 31,133 32,147 33,132,330,402,645 36,98 39,155 41,253,605 43,116 44,125 45,174 
effectivel 8,106 9,370 10,131 16,136,207 19,178 21,384 26,356 41,206 
efficienc 19,109 44,95,111 
efficientl 20,447 
effort 7,232 21,61,311 
elaps 1,359,910 
elev 38,187 
elus 4,194 
elven 20,14,190,313 31,13 33,474,484 39,51,55 
em 1,292 
email 14,210,211 29,151 
embellish 21,52 
emboar 11,3,6,25,26,31,57,84,93,110,116,144,162,171 13,104,108,115 41,61,70 
emboaremboar 41,58,102 
emergenc 1,601 
emit 12,170 13,368 
emplo 44,124 
empow 26,425 38,186 
empyrean 20,77,186,213,228,307,316,337,453 
en 3,66 13,88,93 14,34,316 20,201 24,30,60,147,183 30,10,31,176,184 41,733 
ench 12,927,932,936 
enchant 11,79 41,576 
enclos 9,19,163,297,495 
encount 9,263 13,362 45,15,100 
end 5,310 7,22 14,197 19,85 32,28 37,43 38,311 40,193 41,336 
enderchest 12,1019 
endless 17,55 
endofgam 1,986 
enem 17,51 
enemi 40,41 
energ 1,625 
engag 5,98,255 12,302 39,257 
enhanc 7,389 10,49,96 
enlarg 34,20 
enlighten 1,371 
ensu 26,23,48 
ensur 14,319 28,117 
ent 8,343 16,157 23,26 44,25 
entic 21,53 
entir 7,231,517 13,70 15,140,373 21,309 32,247 36,112 38,212 
entirel 5,235 7,73,113 10,144 12,524 15,332 26,233 31,60 33,92 
entitl 1,959 
entr 10,106,174 32,201 
environ 8,315 9,42 
equ 7,307 10,41 14,401 17,25 
equal 9,251 
equin 38,113,157 
equip 12,2 17,14 24,21 26,105 
equipmentcobblestonecobbleston 26,125 
equipmentcompasscompass 26,99 
equipmentdwarven 15,80,102,132 26,108,111,117,121 33,374 38,152,171 41,97 45,211 
equipmentequip 18,71 26,69 
equipmentgoldgold 26,129 
equipmentgoldth 14,387 
equipmenth 15,60 26,114 
equipmentlumberjack 12,753,824 
equipmentmortarmortar 26,142 
equipmenttorchestorch 15,158 26,134 
equipmentwiggl 12,419 15,181 26,317 27,187 
equival 21,127 
era 3,62 
escap 5,325,329 9,79 26,325 42,71 44,133 
ess 8,84 41,619 
essencepng32pxframelessleft 8,79 
essenti 15,58,255 
estim 37,143 
etern 17,62 20,78 31,46 
eth 1,624 3,70 20,92,98 
ev 1,15,353 11,13 13,4,8,16,18,21,27,38,41,82,110,123,201,248,252,272,277,367,383,387,400,430 18,91 22,38,48 25,2,47,68,70,177,178,180 26,405 27,391,400,402,405,413,416,429,432,442,447,474,485,489,505,508,525 35,12 38,19,50,69 41,84,250,289,291,320,322,632,761 
evad 2,80 7,525 28,68 33,108,392 36,79 
evas 2,131 14,231 37,122 45,168 
eventapril 11,12 38,49 41,83,631 
eventdeath 41,89 
eventgazebogotchigazebogotchi 41,95 
eventhalloween 38,68 
eventsapril 11,11 38,48 41,82,88,94,630 
eventsev 27,396 
eventshalloween 38,67 
eventswint 35,10 
eventual 4,102 9,86 15,40 18,59 26,327 32,206 33,159 
eventwint 35,11 
evil 3,35 20,41 
exact 12,587,866 
exactl 38,150 
exampl 9,283,382 14,57,62,87 
excel 10,134 31,33 33,313 43,55 
except 5,92 14,362 
excess 9,217 31,121 
excessivel 15,321 
exclus 13,37 
exclusivel 22,47 
exist 13,217 24,34 41,480 
expect 20,33 
expend 24,119,144 
experi 8,346 9,27 12,978 14,126,129,144,146 15,73 27,31 29,42 41,19,488 
experienc 39,13 
expir 1,679 7,624 14,182 19,82 26,182 31,104 32,256,270 41,137 
explain 13,100 14,470,476 23,229 
explod 1,730 7,30,44,55,85,229,256,261,268,272,472 8,331 25,114 27,145 37,79,149 41,565 
exploit 29,26,30 
explos 1,158,672,760,882 4,271 7,13,23,186,221,243,364,384,394,410 11,50,133,175 13,244 15,423 33,789 37,32,45,70,101 41,69,195,560 
exponential 37,22 
expos 13,353 
exposur 36,119 
express 19,27 
ext 5,4 
extend 4,157 9,138,393,438,511 12,370 17,387 19,65 24,142,197 41,580 44,148 
extinct 1,352 
extra 14,417,441 15,296 19,145 20,450 21,248 26,171,210 33,453 38,117 45,443 
extrem 4,262 12,841 
extremel 8,246,299 10,113,157 11,145 15,318,347 19,212 21,336 23,41,192 28,86 33,289,361 35,61 36,120 37,52,154 38,286,365 43,10,18,170 45,134 
ey 25,126 
fac 11,37 
facilit 9,120 
fact 5,279 
factor 9,215 
fad 8,276 
faint 23,193 
fair 5,84 25,23 35,66 
fairl 2,127 12,633 16,176 24,117 33,433 45,115,117,191 
fak 37,201 
fall 1,519,671 5,272 9,57,224,514 15,41 18,60 19,25 23,109 24,74,96 25,157,162 32,207 37,96,184 38,335 42,45 
fallen 9,272 13,380 
fals 29,92 
familiar 26,95 
fang 36,20 42,25 43,30 
fangspng32pxframelessleft 11,24 36,17 42,22 
fangspngframelessleft 43,27 
faqbansban 14,304 
fashion 2,50 20,87 
fast 5,147 7,144,148 10,9 15,417 17,372 26,372 30,51,71 32,159,161 33,173 36,63 44,90 45,456 
fastest 32,184,187 
fath 2,15 
fatigu 16,180 
favor 8,177 45,204 
fearsom 39,93 
feath 24,95 
featur 13,36,89,94 22,43,52 39,21 41,7 
februar 27,168,299 41,185,673 
feed 13,60 
feedback 39,12,81 
feel 19,63 21,59 23,191 
fellow 19,190,215 21,15 25,196 44,163 
fend 25,171 
few 1,81 25,32 30,145 32,164 41,720 
field 3,72 
fight 3,21 8,48 9,18,452 10,201 12,25,47,343 15,473 17,24,74,85,373 20,12 23,93 25,191 26,137,155,333,363 33,272,422 34,18 37,209 38,39,308 39,237,241 42,177 43,165,178 
fil 22,21 
filealfonpng250pxframelessright 2,1 
fileariannapng250pxframelessright 3,1 
filearmor 12,332 
filearrowpng32pxframelessleft 33,50 
fileathaluxpngframelessleft 24,24 
fileblaz 4,1 
filebowpng32pxframelessleft 12,204 33,11 38,156 40,70 
filebridg 9,341 
filebroken 10,55 
filebroodmotherpng250pxframelessright 7,482 
filebryc 12,873 
filebuffalo 17,217 
filecakepng32pxframelessleft 38,229 
filecobblestonepng32pxframelessleft 12,605 
filecompasspng32pxframelessleft 12,561 
filecreeperpng250pxframelessright 7,1 
filecultist 40,190 
filedeath 8,52,78 
filediamond 12,98 16,29 24,52 44,48 
filedig 10,1 
filedwarven 12,207,281,328,423,1008 40,248 
fileemboarpng250pxframelessright 11,1 13,105 
fileench 12,925 
fileendermanpng250pxframelessright 8,1 
fileether 20,184 
fileexcalijupngframelessleft 17,104 
fileexplosionpng32pxframelessleft 7,11 37,28 
filefrost 32,100 
filegener 17,1 
filegoldpng32pxframelessleft 12,648 
filegoo 34,44 
fileh 12,58,62 33,72 
filehol 4,25 21,82,190 40,32 
filehookshotpngframelessleft 2,46 
fileindoor 8,288 
fileiron 16,1 
filelordpng250pxframelessright 19,1 
fileloreleipng250pxframelessright 20,1 
filelumberjack 12,506 
filemagnu 21,1 
filemakeshift 10,25 45,20,43 
filemason 40,283 
filemelon 7,530 
filemight 12,472 38,121 
filemonst 23,1 
filemortarpng32pxframelessleft 12,762 
filemt 32,1 
filemyrapng250pxframelessright 24,1 
filenohdalagpngframelessleft 31,49 
filenolrim 9,188 
fileoilpngthumbrighton 12,724 
fileoutsid 8,161 
filepickax 12,476 
fileplac 12,929 
filepumpkin 7,562 
filequarrypngthumbrighta 12,607 
fileradi 40,146 
filerampag 9,380 
filerat 28,22 
fileratpng250pxframelessright 28,1 
filerebirth 45,65 
fileregrowth 20,81 
filerub 3,48,53 
filerush 30,1 
filesaddlepng32pxframelessleft 38,176 
filesalogelpng250pxframelessright 31,1 
filesawspngthumbrighta 12,510 
fileshovel 12,427 
fileskeletonpng250pxframelessright 33,1 
fileslabpng32pxframelessleft 12,870 
fileslime1png250pxframelessright 34,1 
filesnowmanpng250pxframelessright 13,425 35,1 
filespid 42,21 
filespiderl 36,16 
filespiderlingpng250pxframelessright 36,1 
filestaff 19,45 
filestair 9,281 
filestickpng32pxframelessleft 35,25 
filesup 12,849 13,195,263 37,1 38,1 
filesword 12,102 
filetomb 40,103 
filetorchpng32pxframelessleft 12,722 
fileval 9,466 
filevenomburnerpng250pxframelessright 42,1 
filevirendra32xpng32pxframelessleft 17,152 
filewiggl 12,955 
filewolf 11,23 43,26 
filewolfpng250pxframelessright 43,1 
filezirospng250pxframelessright 44,1 
filezombiepng250pxframelessright 45,1 
fill 8,211 9,442,489 12,609,618,982,984,989,1001 40,197 
fin 1,232,311,705,745,924 7,267 8,17 9,467 26,341 27,17 32,73,102,104,182,196,211 33,75,227,295,660,818 
final 19,26 
find 5,289,291 14,172 15,207 27,146 33,332 41,465 
finest 40,259 
fir 1,257,385,468,551,737,749 4,38,50,61,81,86,152,273,283 9,424 12,234 13,325 14,519 17,204,343 20,214,230,247,254,261,270,452 21,131,282,305 31,58 33,34,128,130,149,158,166,345,350,503,509,540,567,720,728,788 36,35 39,33,114,121,128,134,143,171,214,224,248 41,131 42,46,82 
firebal 1,214,215 4,39,40,49,69,75,239,246,266 41,159,226 
firepngfir 33,809 
firstsmal 22,90 
fix 29,37 39,23 41,9,23 
fl 13,372 14,64,509 
flam 1,476,489,495,510 21,91,104,121,285,299,307 33,548 42,125 
flamethrow 21,74,87,98,122 
flar 4,29,149 
flesh 45,292 
flick 24,33 
focu 5,222 9,429 34,131 
focus 4,169 5,198 20,366 45,252 
fodd 5,154 7,634 44,166 
foe 39,94 
follow 3,32 7,64 12,750,821 14,450 33,97 
forc 3,36 4,300 17,166 25,149,209 27,483 33,475 35,73 38,199 39,56 
forev 32,34 
forg 40,34,149 44,56 
form 6,14,25,35,42 9,246,255 12,17 22,16 29,7 
formula 33,298,768 
fortifi 1,520 
forward 24,47 35,47 38,138 
fought 9,371 
fra 8,215 
frail 35,62 
free 38,331 
freedom 3,184 19,151 
frequ 38,321 
frequentl 18,84 26,428 30,134 38,338 45,99 
friend 21,30 38,21 40,112 44,21 
fright 40,198 
frighten 39,228 
frog 25,164,166,172 41,693,697,763 
front 2,71 3,176 7,155 9,189 15,489 17,331 33,415 
fuel 4,55,124,134,144 41,595 
fulfil 1,973 
full 1,167,181,323 3,84 7,485 8,145 9,470 12,79,910,1003 14,469 15,66 20,112 21,220,237,242 33,144,570,791 39,45 40,298 43,19 
fun 2,34 13,31 14,199,454 
funct 13,298 40,271 
funnel 9,70,165,457 
fur 10,45,90,108,122,206 43,45,88 
furiou 32,75 45,139,150,230,423 
fus 1,731 7,21,35,94,228,345,438 23,78 37,42,55,58,136,145,187,232,239 
futur 27,59 37,61,226 
ga 1,488 
gaggl 37,3 
gain 1,464 3,222 4,57 5,58 8,12,122,379 10,44,52 13,152,175,338 15,400,418 17,214 19,167 26,272 28,46 32,52 33,618 39,161 40,226 43,42,109 44,144 45,335 
gall 33,805,806,828 38,366,367,376 
gam 1,6,20,63,71,72,80,98,138,196,270,298,379,851,966,984,997 4,126,136 5,47,83 6,50,80 7,127,143 8,28 9,3 12,27,38,54,832,1036 13,9,71,205,259,280,392 14,3,5,22,29,36,40,108,116,290,293,320,366,372,429,437,488,492,499,515,523 15,4,27,164,385,413 16,138,224 18,14,23,46 21,296 22,32,62,63,71,81 25,20,22,29,57,59,73 26,4,12,29,37,158,185,193,253,255,284,285,334,378,393 27,13,50,471 28,104 29,50,80,102 30,22,23,32,41,44,49,57,60,74,78,82,117,138,141,156,164,169,193 32,13,27,64,271 33,95 37,127 38,55,64,76 39,2,6,16 40,230 41,374,712,718,726,740,803,816 44,109 45,6,13,84 
gamepla 12,1029 13,35,395 14,346,406 18,68 26,10,35 27,398 30,61,72,83 41,5,17 
gap 9,350 10,141 24,179 33,381 34,115 
gargantuan 1,778 
gath 1,247 26,70 
gazebo 1,4 6,44 15,1 18,3,11,20 41,1 
gazebogotchi 13,39,45,48,59,68,76 27,466,468 41,104 
gazebot6665 14,209 
gear 14,361 
gemston 20,89 
gener 1,34,456,465,471,581,588,942,944,957 2,59 8,19 9,38 12,193 14,289 17,3,26,46,64,225 18,98 21,31 28,111 32,174 37,142 38,25 39,24 41,418 
general 4,284 5,268 9,60,354,367 14,14 15,360 26,7,32 32,8,67,199 33,397 41,20 45,10,123,243,464 
ghost 13,286,291,297,307,308,316,331,334,356,360 27,411,503 
gift 21,88 
girl 3,14 
glass 12,265 
glob 1,533 
glor 40,43 
go 1,222 8,29,324 20,458 21,351 
goal 1,774 11,83 15,20,374 18,39 19,17 27,18,453 37,85 
god 1,571 17,41 20,103 21,8 32,218 
gold 1,127,245,250,251,253,407,766,769,834,991 2,121 3,144 7,136,147,285,469,477,513,554,558,591,619,628,660 12,198,388,414,416,457,464,489,649,651,659,662,668,671,683,685,699,707,712,715,973 13,144 14,367,368,380,388,408 15,155,414 17,120,130,299,311 19,107,125,128,130,197,211 20,358 21,264 24,111 26,315 27,151 28,18,54,58,80,124,132,163 30,159 31,79,127 32,83,96 38,261 40,242 41,238,244,246,715,754,777,784,793 44,79,98,107,117 
golden 17,96 44,55 
golem 1,226,560 2,74,198 5,91,203,229,236 8,372 12,146 14,65 16,5,8,22,32,40,49,61,72,117,130,146,175,190,203,214,221,228 17,379 18,140 19,173,186 20,426 21,174,342 44,155 
golemgolem 20,179 
golemiron 12,145 17,378 19,172 20,425 21,173 44,154 
golempng250pxframelessright 16,2 
goo 1,779 34,3 
good 4,244 7,631 9,65 21,29 25,141 40,76 45,261 
gooe 34,48,54 
gra 7,182,208,571 12,637,776,791,807 45,61 
grac 8,200 
gradual 41,215 
grand 1,372 18,107 41,398 44,2 
grandest 44,61 
grandpaladin 40,68 
grant 1,628 3,109 11,109 19,69,89 20,99,207 24,135 38,146,243 39,48 40,266 44,177 
grappl 34,49,55 
grapplepng32pxframelessleft 34,45 
grav 1,717 40,106 
gravedigg 19,12 40,102,129 
gravel 9,449,513 12,439,460,610,614,619,654 19,114,122,205 
great 1,262 8,42 21,55 31,135 40,252 
greatl 3,167 20,364 
green 12,171 15,447 17,132 40,39 44,82 
grid 13,55 
grief 29,47 
ground 9,443,532 12,918 13,408 24,204,208,222 25,143,158 33,121 34,5 35,98 40,245 
group 20,372,469 31,167 
grow 1,781 26,276 34,93,106 
growl 43,187 
grown 17,66 
guarante 13,203,278 38,52,74 
guard 1,425,428 2,2,12,58 7,106 8,438 11,141 18,118 20,28 31,15 43,61 
guardian 13,77 27,467 41,105 
guardrail 9,53 
guardsman 40,145 
guardsmen 40,173 
guid 18,4,63 41,477 
guru 1,904 
gust 35,3 
hack 14,89 29,140 
half 7,440 12,994 15,266 21,170 23,182,207 25,24 26,188,403 32,239 37,102,222 39,66 
halfwa 26,409,413 
hall 4,174 7,160 9,128,379,384,407,409,434,450,506 
halloween 13,247,250,251,271,366 27,412,415,504,507 38,374 41,319 
hallspngthumbrightan 9,381 
hallwa 9,148,153,164,392,395,417,445 15,228,331,340 33,336 
halv 13,163,181 27,366 41,313 
hand 12,310 20,171 23,166,179,204 44,60 45,220 
handl 11,152,158 
hang 5,139 
happ 13,67 
happen 25,183 30,133 
har 35,35 
harass 5,331 29,16,44 42,12,83 
hard 4,260 5,114,125 10,166,181 16,141 28,113 33,123,151,347 42,93,154 45,227 
harm 4,204 10,143 
harvest 12,384 
hast 17,249,306 30,110 
hat 1,842 
havoc 13,183 27,368 41,315 
head 12,270 15,122 19,56 27,318 41,539 
headfirst 11,20 
headlong 11,34 
headwa 26,265 45,11 
heal 1,105,115,607 3,74,85,105,163,169,171 5,12,13,314 7,246 8,260,404 10,159 12,60,66,73,80 15,67,259,306,310 20,113,134,391,398,405 21,56,79,208,210,221,238,382 25,82 27,292,334 33,79 38,89,91 39,43,193 41,696 
health 1,194,198,325,927,932 5,60,72,303 7,281,335 10,185 11,149 12,352 15,262,264,462 21,102,243,334 23,186,211 27,166,177 28,88 32,134,268,279 33,194,234,454,610,617,748 36,118,127 37,103,218,223 38,341 39,46 40,235 42,63,72 45,90,119,296,327,334 
hear 37,65,234 
hearsa 14,99 
heart 1,102,108,416,421,525,606 4,94,98,106,113 5,16,302 12,181,182,354 15,268 16,169 19,73,79,81,88,147 20,95,136 25,113 27,294 33,704,710,750 39,38,59,61,67,72,160,164 41,124 44,143 
heartr 13,182 27,367 41,314 
heav 40,250 45,457 
heaven 25,168 
heavil 9,173 33,102,142 
hector 1,522,539,543 18,104 
hectordurendaldurend 1,553 41,440 
hectorhector 41,579 
hectorrun 1,529 
height 5,43 9,67,213,218,226,227 31,136 
heighten 7,118 
held 4,145 17,19 20,418 
hell 1,895 
helmet 13,135 17,149 20,315 21,187 38,99,102,110,359 
help 9,494 14,83 15,206,361 17,307,382 21,369,379 26,100,215,324 34,128,141 40,292 
helpless 42,117 
hero 1,97,360,362,365,369,577,954,969 2,7,39,41 3,6,42,44 6,72 13,186,211,282 14,239,245,249,258,262,269,276,278,282,285,295,297,363,410 16,211,223 17,7,90,92,148 18,97 19,6,36,38 20,6,70,72,314 21,7,22,64,69,71,186 24,6,13,15 25,44 27,97,110,138,160,197,211,233,262,289,303,317,329,340,352,365,419,441,465,492,511 30,85 31,6,38,40 38,4,10,47,58,63,73,86,95,97 40,281 41,395,414,527,646,659,807 44,7,35,40,42 
heroesdwarven 18,96 
heroeshero 1,32 
heroesmajor 16,209,210 17,5,6,89 20,4,5,69 21,5,6,68 38,7,94 41,526 
heroesmajorheroesminor 38,8 
heroesmight 38,88 
heroesminor 2,5,6,38 3,4,5,41 19,4,5,35 24,4,5,12 31,4,5,37 38,9 40,279,280 41,412,413 44,5,6,39 
hid 9,88,504 11,108 13,229 28,73 36,86 
high 1,922 3,26 4,226 5,119,122,239 7,153,665 8,70,300,306 9,61,74,78,531 11,74,137,148 12,917 13,304 17,20 20,17,189,403 23,106,260 25,150 27,29 33,120,251,321,427,442 35,50,97 36,93 37,53,93,155,219 38,287 41,435 42,62,118 43,11,62 44,110 45,118 
highest 7,309 8,353 33,180 37,125 44,11 
highground 5,101 
highl 9,43 23,257 42,10 
highwa 1,828,894 
hiss 27,144 37,194,202,208 
hit 1,254,275,350,397,438,822 2,83,93,151 3,193,195 4,248,261,270 5,66,81,115,219 7,37,636 10,182,188,196 11,172 15,95,171 16,96,112,152,184 17,346 20,279,285 21,119 23,69,75 24,137 25,94,104 27,143 28,95,168 31,71,142,145,159,160,184 33,124,126,135,152,186,201,207,231,389,590,611 37,57,166 38,353,355 39,83,101,205 41,197 42,14,67,94,168 43,52,121,155,214 45,92,111,234,251,314,328,381,424,432 
hitbox 8,275 34,21 36,77 38,348 42,91,99 43,48 
hitt 45,458 
hol 1,490 8,311 9,235 10,13,71,104,170 21,13,18,75,77,84,96,143,160,168,180,192,196,212,277,297,321,338,353,358,388 28,76 40,55 41,517 
hold 1,310,451 2,8 3,7 5,74 7,602 12,236,309,732,1021 15,172,492 17,142 19,22 20,46,306 21,123,179 32,101 33,37 38,222 40,263 41,115,243,700 44,10 
holdov 14,456 
hook 1,423 2,65,86,103,187 
hookshot 1,441 2,9,45,47,51,62,100,128,132,149,166,185 
hoov 38,112,124,133,145,273 
hoovespng32pxframelessleft 38,122 
hop 17,76 25,127 43,69 
hord 8,369 15,56,221 17,318 20,203 21,51,94,395 26,64 45,161 
horizont 24,199 27,308 
horn 1,599 17,102,219,223,230,239,264,277,280,303,367,381,386 41,424 
hornpng32pxframelessleft 17,218 
hors 13,264 27,482 38,198,370,372 
horsepng250pxframelessright 13,196 38,2 
hotbar 41,165 
hour 27,101,202 
hov 14,471 
httpscoatharcomrul 14,48,162 
httpsdiscordappcomchannels428716551730888705428717413262163998 41,829 
httpsgazebodvzcom 41,479 
httpsgazebodvzcomrul 18,82 
hub 6,37 
hug 2,157 15,435 33,301 
hung 12,403 
hungr 1,762 
hunt 16,208 27,319 28,114 37,133,165 41,540 44,135 
hurl 38,164 
hurt 7,299 
icon 21,34 
id 42,179 
idea 9,66 25,142 
ident 38,169 40,58,92,134,178,213,270,309 
identif 4,303 
ignit 1,739 7,435 11,45 13,327 42,31,47 
ignor 5,78 6,112,114,117 15,355 17,69 25,107 
ii 3,112,157 20,138 23,146,162 33,774 45,440 
iii 17,248,305 19,110 23,151,175 44,96 45,380,388 
imag 12,109,213,433,481,518 22,22,26 
imageskeleton 33,808,811,814,822,825 
imagesup 38,369 
imbu 17,165 
imbud 24,28 
immens 17,170 
immobil 33,398 
immort 20,389 
immun 5,232 11,38,106 12,277,312 16,23 20,177 23,58 25,45 34,36,40,144,153 
immunit 8,430 11,91 16,85 34,116 
imp 3,215 4,190 8,362 16,186 
impact 5,212 11,41,49,59,94,103,125,132,134,163,174 15,458 33,309,311,339,383,437,529,673,777 39,152,179,187,196,253 41,68,74 
impactpngimpact 33,826 
impair 34,16,133 
imped 13,209 33,253 
impenetr 1,326 
imperson 29,65 
importantl 9,145 12,124 
improv 12,765 41,12 
inaud 37,245 
incentiv 32,59 
includ 1,380,864,871 9,97,347,435 13,253 23,39 26,106 29,9,43,51 39,7,17 41,365,476 
incom 17,283 
inconsist 31,178 
inconveni 14,331 
increas 7,332,341,360,380,391,406,416 12,350,802 13,73,357,414 15,387 30,105 33,476,486,554,588,597,615,640,657,692,708,746 34,148 37,21,67,236 38,36,193 39,35,57,79,130,142,226 41,256,649,804 43,40 45,280,293,318,332,365,385,403 
incred 19,196 
incredibl 4,41 9,256 12,833 19,157 20,470 21,103 26,290 28,33 36,97 42,140 43,15 
incur 9,221 23,119 
ind 12,402 24,38 41,163,548,556,562,568,574,596 45,262 
indefinitel 20,376 
individu 12,796 14,214,514 
indoor 5,39 8,294 9,116 20,322 31,88 32,173 
infect 25,85,88,97 
infest 7,122,129,168,175,188,198,201,205,415,419,460,500,519,540,575 28,159 
infiltr 32,209,213 33,240,242,256,279,293,382,413,520,625,652,760 45,474 
infiltratorpnginfiltr 33,823 
infinit 20,338 31,109 38,174 
infinitel 12,603 
infus 20,90 
ingam 14,50,379 29,134 39,14 41,29 
inherit 2,10 43,142 
inhibit 42,145 
initi 7,20 10,194 11,33 15,219 16,155,216 33,68 37,40,59,231 45,40 
initial 4,104 33,61 45,23 
inopportun 39,215 
insid 5,155 8,313 9,117,314,385 15,119,285,288 31,162 33,449 
insist 44,24 
inspir 17,231 21,60 
inst 13,102 17,364 21,337 
instantl 2,162,194 5,344 7,543 14,536 15,92,450 16,17,45,73 19,129 20,292,303,432,464 23,222 25,90 32,215 33,458 37,107 41,73 45,58,369,396 
int 45,166 
intact 16,99 42,73 
integr 7,141,282 12,42,593 15,454 
interact 13,66 
interim 26,383 32,155 
interrupt 5,218 7,36,227 23,79 37,56,189 41,224 
inventor 12,195,231,673,686 13,56 33,31 45,410 
investig 14,95,110 
invigor 17,240 
invinc 15,407 
invis 13,302 
invulner 23,36,47 
iron 1,128,225,559 2,73,197 5,90 8,371 12,144 13,139 16,4,7,21,31,39,48,60,71,116,129,145,174,189,202,213,220,227 17,377 18,139 19,171,185 20,424 21,172,341 44,153 
isol 32,80 45,133,225 
issu 9,31 14,70,86,96,111 29,84 
item 2,35 3,38 5,321 7,533,564 8,56,80 10,29,57 12,41,49,194,535,590,829,835,844,1025 13,52 14,375,398,404,405,455 17,86 19,32,102 20,66 21,65 23,164,177,202 24,9,39 26,326 31,34 32,86 33,14,76 38,82,233,318 40,10 41,457,486,492,549,551,557,575,598,600,620 44,36 45,24,46,67 
itemstack 41,164 
iv 3,97,160 20,125 23,156,200 
januar 27,88,171,285 41,267,745 
jimm 40,6 
join 3,16 14,31,232,328,436 
jok 40,286 
jovi 44,23 
jul 27,244,348 41,467 
jump 9,114 13,303 24,209,216 27,496 36,74 38,200,322 39,239 42,80,103,151 
jun 27,229,336 41,531 
ke 3,205 10,180 15,329 24,150 34,80 
keep 8,381 23,243 27,112,147 33,103 39,76 41,466 
keywordsdvz 18,5 
kick 24,92,193,202,221 
kill 1,210,233,268,329,346,496,638,665,720,722,724,826,830,836,837,844,857,859 2,163,195 4,221 5,188,206,223,249,337,345 7,99,108,230,528,637,640,644,646,655 8,152,248,356,374 10,193 12,125,133,159,176,185,187,655 13,151,174,321,332,375 14,537 15,86,93,100,252,271,274,277,303,343,379,451 16,50 17,134,136,210,321,353,360 19,93,103 20,221,293,294,304,379,385,433,448,463,467 21,112,304 23,19,52,223 25,9,16,80,123 26,27,52,231,241,250,294,302 27,225,251,307 28,71,90,138,170,174,176 31,185 32,216 33,114,258,459 34,103 37,14,108 40,29,47,64,81,97,117,123,140,164,184 41,241 42,196 43,200,222 44,128,147 45,128 
killstreak 27,332 
kind 7,639 9,399 22,6 
king 44,29 
kit 2,42 3,45 5,243 8,272,407,412 10,129 12,44 15,471 16,173 17,8,93 19,39 20,7,73 21,72 24,16 31,41 38,14,84,98 43,106 44,43 
kitmajor 17,91 20,71 21,70 38,96 
kitminor 2,40 3,43 19,37 24,14 31,39 44,41 
knock 4,70,74,238,265 7,81,91,96,249 9,361 15,475 17,356 33,314,319,325,331,356,440,533 45,141 
knockback 7,32,222,240,393 8,154 11,75,77,111,114,150 12,313 16,52 17,145,172 20,310 21,183 33,800 38,108,226 41,196 
know 8,183 
kurt 1,457,467,582 17,4,27,34,54,65,80,94,123,133,144,160,167,203,212,278,286,289,314,329,345 18,99 21,32,90 38,20 41,419 
kurtcaliburncaliburn 1,472 
kurthorn 1,589 
kurtmeliamelia 1,466 
kurtpng250pxframelessright 17,2 
lack 2,22 45,167 
lad 1,556,563,626,634 18,105 20,2,19 31,10 40,71 41,552 
laid 40,287 
lamp 12,928,933,937,943 
lamppng32pxframelessleft 12,926 
lamppngthumbrighta 12,930 
land 1,124,474 2,106 5,348 10,187 20,37 33,464 35,96 37,181 
larg 4,135 7,78,177 9,105,194,257,387 12,616,681 20,468 21,325 26,192 28,12,108 30,116 31,141,147 32,151 33,104 34,94 35,43 37,44 38,105,349 42,90 43,159 45,89,238 
largest 34,99 
last 3,120 32,132 41,121 
lat 17,161 
latch 1,785 12,152 34,11,38 
launch 1,120,129,160,501,885,887 5,226 35,21,48,63,91,99 37,92,98,175 41,225 
lay 13,390 42,101 
layout 26,96 41,377 
laz 2,25 
lead 9,149 21,28 26,376 
leap 23,61 24,156 38,127,137,181,290,296,306,309 43,67,94,123 45,35,41,106,193,340,343,351 
learn 26,176 
leav 8,318 10,173,189 12,264 13,236,396 14,522 16,109,219 21,374 23,17,101,118 29,81 37,241 42,116 
leavejoin 41,805 
ledg 33,322 
left 1,184,439 2,60,147 3,81 4,33,230 7,16,42,538 8,61,87 10,34,64 11,69 12,76,117,222,407,704,710,770,879,934,962,976 15,68,108,148,257,481 16,37 17,236 20,109 21,139,149,217 27,73 28,29,102 33,20,62,417 35,31 36,23 37,35,76,192 38,190 42,28,56 43,33 45,29,51,72 
leg 12,358 13,136 
legendar 17,111 25,185 
legion 17,59 
length 20,264 41,44 
less 21,44 
let 7,661 
level 1,36 5,6,17 7,337,347,366,397,423 12,85,788 14,128 32,212 33,481,492,553,596,614,639,656,661,691,707 45,95,286,298,317,319,322,331,337,348,353,364,373,384,390,402,412,441 
levit 20,151,180,406 
lif 1,726 7,8,137 15,14,459 18,33 19,10,16 20,52,101 28,165 39,20 41,11 
lifeless 25,155 
lifelin 12,75 15,63 
lifest 10,147 42,33,54,65,187 43,50,211 
lifetim 27,198 
lift 25,147 
light 3,18,29,107 12,730,946 14,399 15,175,294,426 20,80,343 24,29 31,48,54,114 32,69 33,282,420,507 39,222,256 40,35,150,192 41,148 42,182 43,179 44,27,54 
lightbring 44,9,47,50,58,66,84 
lightn 25,137 
lightweight 2,52 
limit 1,67,504,622 5,33 8,173 12,250 17,29 27,384 31,139 
lin 17,332 33,416 
ling 10,164 13,377 
link 41,52 
lip 9,98 
list 1,75 6,1,28,36 13,19 14,123,336 41,13,21,39 
lit 42,175 
liv 1,777 7,463,503 15,438,457 16,89,148 19,30 
loadout 14,357 22,10 
lobb 6,40,43 14,369,378,500 27,46 30,40,143 41,487,493,500,714 
loc 2,133 7,233 9,386 12,582,588,726,1013 15,208,477 21,271 23,8,14,20 32,171 33,138,139,172,252 36,94 37,130 41,573 
locallysav 41,390 
locationpngthumbrighta 12,1010 
lock 14,241,243,270,281,283,296,298 20,168 
log 12,530,534,536 14,176,538 
long 1,1,59,347,669 3,116,188,231 4,291 5,346 7,149,270,664 8,30,115,156,204,363,386,403 9,411 10,158 12,599,857 14,438,463 15,39,455 16,54,226 18,58 20,238,399,430 21,301,373 23,55,97 26,335,404 31,144 32,131 33,460 34,124 37,41,135,144,186,238 41,112,151,330,359,420,429,504,510,567,704,734,766 42,148 44,73,129,168,174 
longbow 40,90 
longbowpng32pxframelessleft 20,185 
longest 7,648 28,179 
loot 14,133 30,161 
lord 1,403 18,112 19,2,14,21,40,62,70,90,116,119,163,195 40,144 41,109,116 
lorelei 1,557,627 18,106 20,3,20,45,67,107,114,147,152,158,167,219,239,267,288,309,331,334,345,348,362,390,446 31,12 
loreleiempyreanempyrean 1,635 
loreleilad 31,11 
loreleilorelei 41,553 
loreleiregrowth 1,564 
los 7,89,146,284 8,239 15,31,411 18,50 41,767 
loss 8,228 32,30 
lost 8,132 12,969 17,79 19,54 20,312 
lot 2,20,112 3,135 17,290 20,349 21,255 24,102 38,252 
loud 16,204 
lov 17,168 
low 5,256,294 7,264,280 8,251 12,447 15,261,263,286,461 19,158 21,333 27,90,130 28,34,87 32,266 36,117,126 38,340 41,442 
lowest 5,150 
lshift 34,81 
lumberjack 12,508,513,521 41,426 
lump 25,62 
lur 13,233 
magnu 1,477,482,603,609 18,100 21,3,23,35,66,89,134,155,182,202,222,235,240,251,254,268,280,293,302,319,366,383 41,588 
magnusmagnuss 41,516 
magnuss 21,215 41,593 
mail 1,209 
main 4,179 7,653 9,186,206,244,253 11,82 13,106,197,266,426 14,152,480 15,366 19,183 22,33 28,147 32,11 41,368 
maintain 1,271 12,10,621 17,35 22,78 27,331 30,190 
mainten 10,179 
major 16,171,222 26,9,34 43,175 
mak 7,556 9,159,308,499 10,15 12,307 14,491 15,301 19,101,111,148 20,382,466 23,133,256 26,153,360,400 28,56 29,54 33,288,346,399 37,162 38,262,312 39,186,258 40,132 42,169 43,190 
makerpng32pxframelessleft 40,104 
makeshift 10,30,80 41,701 45,25,47,283,345,356 
man 1,453 
mana 1,903 2,146 3,93,166 5,257,265,270,295,306,315 7,329,339,349,356,368,377,388,396,403,414,422,432,443,449,480 8,27,40,68,120,121,130,197,210,212,229,240,252,257,264,390,400 12,83,86,744,748 13,166,173,177,193 14,414,418,423,434,442 15,72,75,323,399 16,123 19,153 20,121,143,146 21,229,247,381 25,41,66 26,213,275,310,343 27,227,268,375,381,388 28,14,40,110,119 30,128 32,55 33,162,193,472,483,494,501,511,519,528,536,545,562,578,584,606,624,630,651,672,678,699,716,725,736,742,759,765,776,782,804 38,342 39,141,221 41,679,769 42,17,39,115,128,181 43,136 45,276,288,300,309,324,339,355,375,392,414,421,453 
manag 9,455 16,127 43,140 
manamonst 26,212 
manast 42,55,88 
manipul 3,68 45,201 
manual 12,702 14,340 15,188 30,177 
map 2,126 9,175,181,196,346,389 12,575,727 14,307,309,445 15,211 18,90 21,273 22,1,4,13,18,28,29,34,39,41,44,49,56,77,86 24,116 25,138 26,103,385,416,434 30,173,179,189 32,21,115,118,158 33,287,329 38,269,276 40,295,297 41,208,210,218,730 43,95 
mapmak 22,19 
mapmakingmapmak 14,312 22,89 
mapsgal 22,53 
mapsmap 26,97 30,183 
mapsrush 22,82 30,194 
march 27,191,313 41,106,637 
marginal 7,57 
margrav 1,521,528,542,552 18,103 41,578 
marksman 27,341 41,530 
mason 40,17,282,304,306 
mass 1,613 2,97,150,191 5,263 9,222,351,398 15,116 16,13,43,106,193 26,367 27,234 37,12 45,207 
massacr 1,443 
mast 2,130 17,22 
materi 12,6,46,589,1023 15,49 17,118 
matt 1,951,1000 
maturit 29,125 
maul 21,393 
max 39,54,73 
maximum 1,782 4,140 12,258 13,165,172 20,231,300 23,185,210 27,386 38,61 
maz 9,111,130,144 
mean 1,494,937 3,227 8,341 10,47,84,100 12,157,1039 17,189,274 20,278,299 21,117 27,68 30,95 34,24 37,196 42,66 
meaningless 5,22 
meant 32,15 
measur 12,843 28,116 
meat 45,172 
mechan 4,23 7,9 8,50,297,337 10,23 11,21 13,10 14,382 16,27 28,20 31,82 32,36 33,9 34,42 35,23 36,14 37,26 42,19 43,24 45,18 
mechanicsdeath 23,233 
mechanicsport 26,352 
med 1,982,985,990,999,1003 40,205,219,225 41,799 
medl 1,284 
meet 23,217,224 
mele 1,217 3,186 4,73,148,275,285 5,99,116,140,158,162,261 8,261,271 10,115,119,195 12,115 15,84,474 16,156,158 17,358 21,205 23,37 28,136,167 33,276 36,67,71,122 38,350 42,51,86,123 43,56,83,85,103,172,181 44,30 45,87,147 
melia 17,101,153,176,184,206,336,351 
melt 21,11,100,340 36,56 
memb 20,26 
men 40,108 
menu 6,57,59,62 12,565,573 13,87 14,274 26,207 41,363,370,372 
messag 1,817 6,7,12,19,23,87,111 13,99 14,175,208,213 41,490,688,806 
met 2,54 37,89 
method 14,303 15,202 
midair 1,508 24,173 41,200 
might 12,378,474,484 16,3 17,228 38,111,123,132,144,272 
mightiest 38,184 
militarist 3,24 
min 2,120 3,143 12,487,650 16,179 17,298 20,357 21,263 24,110 26,127 31,126 38,260 44,108,116 
mind 9,91 20,96 41,51 
minecraft 14,512 29,10,67 41,472 
minimis 14,322 
minimum 5,112 15,216 17,271 
minor 13,281 38,72 39,259 41,394 44,34 
minut 1,306,315,358,902,929,935 
miscellan 41,261,266 
mischief 28,2 
miss 1,230 20,23,34,60 27,279 38,346 
mistak 12,840 
mitig 5,36 8,281 9,30 21,345 
mo 23,134 27,57 39,216,238 
mob 2,168 4,83,200 5,328 8,108,178 9,233 23,4 
mobil 1,442 
mobilit 38,288,326 45,96 
mod 1,79 12,29 13,121,189,192,207 14,479,483,485,487,498 18,79 22,55,58,60,70,80 26,160,174 27,52,374,380,383,518 30,2,9,12,18,20,30,38,48,56,68,70,77,88,137,140,155,172,175,181,192 32,273 41,711,729,739,802 
model 33,752 
moder 14,84,115 29,77,79,82 
modetradit 33,807 38,368 
modifi 20,318 29,27 38,45 
momentum 5,300 12,173 16,167 19,72,78,80,87,146 41,123 44,145 
mon 1,761 
monst 1,23,123,136,288,295,336,354,391,396,432,434,481,493,497,502,513,517,547,573,585,593,619,637,644,646,650,654,657,691,704,795,806,821,848,860,862,873,912,955,970,1006 2,28,69,84,94,135,140,156,172,180,196 3,37,126,200,221 4,10,21,60,87,115,129,160,178,215 5,48,57,82,128,137,185,187,202,211 7,3,45,98,313 8,6,11,20,36,47,97,159,188,308,322,339,368,425,427,440 9,12,71,87,104,115,135,156,166,262,277,291,305,319,321,458,497,503,521,529,536 10,7,92,107 11,9,80 12,134,141,160,188,656,693,742,902 13,65,114,239,295,403,434 14,413,415,432 15,9,12,16,24,55,87,94,118,220,233,245,246,269,295,322,342,365,368,372,375,383,393,409,425,441,452,456,463 16,11,69,126 17,17,135,138,174,317,322,341,347,354,357,361 18,19,28,31,35,43,76 19,18,31,104 20,42,149,154,222,302,380,407,412,451,461 21,95,101,116,335,364,394 23,6,9,12,28,30,33,48,53,57,84,113,239,254,261 24,49,131,138,152 25,13,40,65 26,21,24,46,49,63,91,146,151,220,228,245,256,259,274,281,289,299,336,340,353,358,418,430 27,79,86,94,179,217,221,240,253,265,273,278,323,344,359,371,427,480,516 28,8,45,60 30,126,131 31,63,70,73,146,149,152,175,181,186 32,18,32,40,46,51,54,60,111,122,127,137,149,150,162,167,180,195,208,242,261 33,3,48,87,292 34,9,25,71,110,129 35,8,56 36,8,51,64,90 37,11,80 39,9,229 40,49,83,125,166,204,218,224,231 41,101,145,181,235,310,362,782 42,8,58,120 43,8,74,139 44,65,134,137 45,3,8,16,80,101,162,175,265,468 
monstersmonst 1,33 18,124 26,211 
monstersspeci 4,8,9 8,4,5 10,5,6 11,7,8 13,401,402 16,9,10 26,279,280 27,425,426 28,6,7 30,129,130 34,7,8 35,6,7 36,6,7 37,9,10 41,99,100 42,6,7 43,6,7 
month 14,204 27,1,8,14 
moon 13,343,345,349 
moonlight 20,196,215 
moot 7,234 
moral 38,37 
moreso 7,225 
mortar 9,241 12,196,527,558,636,763,764,772,806,813,820,852,856,865,868,898,900 41,667,669 
mortarpng32pxframelessleft 12,850 
moss 41,168 
mount 34,31,90,108 
mountain 37,177 
mov 4,85 5,183 7,466 8,35,107 9,126,134,498 10,142 11,101 12,975 14,76 16,206 26,357,433 31,31 32,181 33,255 37,159 39,118,147,168,178,206 41,49,617 43,111 45,217 
mow 17,316 
msg 6,3,10,22 
multipl 1,44,51,775 9,180 14,160 21,118 29,100 
murd 27,223 
murder 41,260,265 45,165 
mv711 1,512 
mv711tinderflam 1,511 
myra 1,444 18,116 24,2,17,45,68,78,98,101,122,148,165,176,180,198,205,217 41,230,396 
mysteri 19,58 34,2 
nam 5,196 6,32 14,121,409 30,5,34 41,808 
namepl 41,154 
natural 1,678 14,292 
nausea 23,127,128,138,141,144,149,154,159,171,196 
nearb 2,181 7,257,542 11,54,123 13,328,333 20,208,225 27,458 38,196 43,192 45,263,268,469 
nearest 45,244,465 
nearglob 37,195 
necklac 3,9,47,51,54,59,60,77,102 
necklacepngframelessleft 3,49 
necklacepylon 1,420 
necromanc 40,223 
need 3,189 14,458 20,393 39,210 
neg 1,148 3,88 4,290 8,347,421 16,230 20,116 21,224 23,22,88 
neglig 39,36 
nerf 9,107 20,320 
nest 7,567,584,600,605 
neth 33,229,744,820 
netherpnga 33,815 
nicknam 6,33 
night 1,683 3,113,180 10,46,91,109,123,207 17,376 26,74,82,178,180,402,415 32,248 40,194 43,46,89 
nightfal 25,7 
nighttim 26,414 
nimbl 45,192 
nobl 20,15 
nohdalag 31,8,45,50,93,108 
nois 13,232 16,205 28,81 
nonev 27,65 
nontranspar 12,262 
norm 12,855 13,287 14,392 17,12,114,181,261 20,275 22,68 29,118 30,28,58 37,112 38,60,100 
not 14,67,190,339 39,127,223 41,37 
notic 41,28 
notif 12,584 
notifi 14,28,39 
novemb 27,283,377 41,303 
npc 27,45 30,150 
nuclear 1,874 
nuis 39,260 
numb 1,995 4,96,112 9,195 13,3,358 14,117,119,288 15,388 16,64 17,266 23,21 25,175 32,141 33,658,709 38,62 
numer 45,7 
oak 5,318 12,282,285,297 16,197 26,118 33,375,377 40,273 41,545 45,212,214 
object 26,266 32,12 
obliter 4,170 
obsess 19,28 
obtain 15,48,203 19,198 
obviou 8,254 
occasional 14,315 
occupi 23,250 
occur 1,16 9,336 11,51 13,5,22,249,384 21,331 25,6 26,408 27,55,63,80,103,119,153,167,190,206,218,228,243,257,269,282,298,312,325,335,347,360,376,394,414,430,472,486,506,523 34,96 
octob 27,120,128,193 41,316 
off 12,1028 
offguard 33,248 
oil 12,553,555,725 21,137,272,362,372 
old 41,45,823 
oneshot 4,280 31,177 
onlin 6,29 14,503 30,147 41,722 
onslaught 25,165 26,62 
open 1,163,890,900 6,56,61 8,114,141,187,361,366,393,420 23,237 33,352 
oper 22,15 
opportunit 42,112 
oppos 15,6 18,16,25 28,43 
opposit 9,131 
opt 6,63,75 7,193,509 13,85 14,35,273,280 16,110 22,36 25,51 26,205 27,38,382 39,200 41,87 
optim 8,217 
optin 6,73 14,277 
or 12,490,652 
orang 15,448 
orb 8,101 19,60 45,69,79,400,406 
orbpng32pxframelessleft 45,66 
ord 1,1007 3,17,28 12,18,45,359,392,596 15,217,493 19,169 20,31 21,26,201,368 23,124 25,8,21,102,193 26,252,271 32,24,37,76,114 39,242 40,301 44,14 
origin 19,55 20,327 
otherworldl 25,148 
outdoor 9,41 32,172 
outh 16,115 43,129 
outlin 26,387 
output 5,241 
outright 2,24 
oven 41,81 
overextend 4,219,302 34,121 
overridden 17,256 
overshield 41,122 
overus 19,53 
overwhelm 25,173 26,373 
pa 33,270 38,356 
pac 26,399 
pack 6,68,97 14,151,155 41,387,391,758 43,2 
packsresourc 41,757 
pad 1,121,130 
paint 13,391 
pair 24,57 
paladin 1,373 3,151 18,108 21,25,45,200 40,31,53 41,399 44,3,13,62 
pann 1,402 12,458 19,126 
parti 44,171 
partial 9,197 13,301 
particl 8,268 10,127 17,131 31,80 41,252,564,566 42,132 43,93 44,81 45,154 
pass 2,55 4,22 8,190 12,248 14,205 21,49 23,247 25,134 33,47,664 39,26 
passivel 43,186 
patch 10,176 
path 4,180 7,49,305,316,491 13,221,246 24,50 33,90 
pathfind 41,205,214 
pathwa 33,354 
paus 2,144 
pav 40,42 
peak 24,215 
pegasu 41,496 
penalt 23,105 
penalti 23,82,121,122,252,263 
pend 1,566 3,65 20,55,75,84,88,94,105,130,170,387,409 
pendantpngframelessleft 20,82 
pendantregrowth 1,565 
penetr 20,217,296 21,115 
peopl 14,91,120 23,116 29,21,41 
perch 24,188 
perfectl 7,266 
perform 24,80,86,90,203,207 42,147 
perhisst 1,728 
peril 7,271 
period 1,74,598 4,158 8,201 14,17,323 17,388 34,89 
periodical 41,48 
perman 14,201,236 38,107 
permit 38,81 
persist 1,70 27,12 
person 5,18 29,22 40,28 
personal 1,771 
pest 14,343 
phas 1,383 2,110 3,133 9,2 12,592,661,670,774,786,847,854 15,45,223,235 17,288 19,118 20,347 21,253 24,100 25,5 26,14,39,55,57,94,162,223,225 30,93,113 31,118 38,250 44,104 
phasebuild 1,382 15,44 30,92 
physical 1,435 
pick 10,85,88 12,379,482,486 13,413 27,72,459 38,220,329,336 41,78,93 44,92,94,112 45,48,357,360,367 
pickax 10,22,61,117 12,475,478,485 16,34 41,702 44,86 
pickaxepng32pxframelessleft 10,56 12,473 16,30 
pickaxepngframelessleft 44,49 
pickpng32pxframelessleft 45,44 
piec 1,171,188,229,701,709 5,283 12,405,410,706,971,991 15,146,200,345,352 27,185,280 38,362 40,240 
pierc 17,173 20,199 
pigeon 1,499 
pillar 9,77,102 12,623 
piston 12,371 
pit 12,617 20,439 
pitch 41,436,443 
pla 1,89,96,649,653,947 9,25 12,53 14,4,6,19,227,371 15,408,440 22,2 25,12 26,101,380 27,40,372 29,49 30,163,182 40,296 41,434,441,717,814 
plac 3,104,170 5,34 8,92,298 9,17,179,201 12,373,884,939 14,60 15,327 20,419 25,130 26,348 33,150 38,282 39,255 42,156 
plagu 6,76 14,420,530,532,534 15,240,241,371 18,73 25,1,28,37,46,50,54,58,67,69,74,163,179 26,18,43,88,177,183,198,201,202,206,208 30,115 41,760,762 
plagueplagu 41,692 
plan 1,455 
plank 12,540,544 
platform 9,527 
play 1,3,7,17,46,53,83,95,514,546,952,975,996,1002 2,68,155 3,199 4,20,128 5,63,127,184,186 6,8,11,30,115,118,122,125 7,504,620 9,528 13,53,57,74,83,86,111,294,431 14,12,54,56,58,61,74,107,122,166,244,256,260,338,342,431,435,495,502 22,73 24,151 25,31 26,15,20,40,45,187,204 27,5,21,61,71,78,85,93,322,358,385,437,457 28,152 29,5,36,127,128,132,138,143 30,75,89,114,146 39,96 40,3,8,62,95,138,182,217,228,262 41,86,92,242,369,481,645,651,658,664,721 42,98 44,136 45,108,121,170,178,264 
playerbas 27,22,434 
playgazebodvzcom 41,474 
playmindcrack 18,8 
playtim 14,132 
plink 5,96 
plug 9,240 
point 1,62 2,85,138,186 5,20,248 6,58,82 8,320,401 9,84 14,68 17,15 21,126,279 
pois 4,196 19,182 37,84 
poison 23,145,150,155,160,172,197 33,525,633,643 34,64 36,12,27,69 
polterthric 13,312 
pool 13,283 38,71 41,459 42,64 45,91,120 
popul 45,160 
popular 13,330 
port 1,243,802,899 8,94,100,105,111,143,165,172,186,192,219,242,292,296,303,326,335,360,365,392,419 15,153,192,236 23,228,232,236,242,249 26,19,44,351 27,242 30,42,152 41,513,572,678,768 
portalpngthumbrighta 8,163,290 
pos 33,160 
posit 1,147 2,11,18 4,177,293 7,242 8,176 9,365 20,155 33,115,169,316,324,328,428,435 37,249 39,92 44,12 45,203 
possess 17,177 40,66,99,142,186,221 
possibilit 7,121 
pot 3,80 7,298 8,247 13,128,161 20,108 21,167,216 33,297,767 43,151 
potenc 33,641 
potenti 4,202 5,106 10,133 17,32 36,68,82 37,13 38,195 45,103,169 
pow 1,303,458 5,320 8,439 9,33,110,287 10,17 12,130,834 15,11,487 17,84,99,234,366 18,30 19,61 20,100 21,317 35,36 38,31,317 39,181,185 42,141 
practic 9,315 
practical 20,375 
precari 33,327 
preced 5,175 
precisel 10,73 
pref 6,95 31,27 41,353 
prefac 1,92 
prefer 5,19 9,231 
prefix 40,4 
prepar 26,60,168 30,98 
pres 13,398,407,410,418 27,424 40,153 
press 34,78 
pressur 1,923 16,120 43,133 
prev 8,259 9,335,520 14,247 15,177 26,138 41,705 
preval 45,98 
prevent 9,316 12,842 
previou 13,171 14,222 
priest 21,199 
priestess 1,412,418 3,2,27 18,114 41,138 
primar 12,729 
prior 7,462 
priorit 1,208 4,227 5,28,151 20,404 31,124 35,81 
prism 9,248 
pristin 3,63 
probabilitiestinderflam 1,505 
probabilitieswormhol 1,623 
problemat 41,514 
proc 1,299,461,463,712 9,408 12,129 27,99 41,628 
process 12,542,547 21,292 25,200 26,218 
produc 7,190 12,387,817,909,944 31,56,66 33,179,200 41,147,167 
product 7,203 
profession 44,18 
progress 1,69,341,941 7,126,142 13,75 14,489 15,386 16,137 18,69 22,64 26,8,33,286,390 27,7,11,34,42,48,64,401,462 28,105 30,24,50,65 32,63,99 37,240 41,302 45,12,83 
progressionbuild 1,381 15,43 30,91 
progressionshrin 26,389 
projectil 39,25 
prolong 34,88 39,240 
promot 29,105 
properl 12,55 14,112 
proport 25,17 
protect 1,562,568 5,24 20,32,429,435 21,165 23,16,31,246 25,161 33,262,666 40,167 
prov 30,52 
provid 1,604,640,791 2,136 4,18,58,99,103,107,119,132,138,183 9,14,526 19,97,132,214 20,141,378,472 28,140 31,120,190 32,68 33,426 41,178 
prowess 20,62 44,32 
puff 13,369 
pull 1,431,436 2,79,104,154,171 12,241 20,159,268 25,210 33,42,688 
puls 13,324 
pump 21,120 
pun 40,285 
punch 17,178,338,355 
punish 14,250,264 
pur 17,47 20,91,195 31,53 44,53 
purchas 14,373 30,153 41,713 
purg 25,145 
purif 1,475 21,93 
purifi 1,485,491 21,14,76,85,97,144,161,169,181,278,298,322,339,354,359 41,518,594 
purifierhol 1,484 
purifierpng32pxframelessleft 4,26 
purifierpngframelessleft 21,83 
purpl 8,267 12,814,894 19,59 42,131 
purpos 7,52,518,615 9,239 14,147 
pursuit 45,107,311 
push 11,118 20,161 
put 13,388 15,150 20,61 26,366 
pylon 3,56,106,118,119,128,172,196,211,219 39,29,265 41,141,146 
pylonpng200pxthumbrightth 3,55 
qualit 39,19 41,10 
quarr 1,244 12,608,615 26,126 
quart 26,157 33,364 37,211 
quest 1,65 7,295 13,159,184 14,2,138,347 17,33 18,86,88 27,3,6,9,19,25,27,33,39,44,47,53,54,66,69,392,393,403,448,451,461 30,149 41,295,301,811 
questsquest 13,14,78,423 30,64 41,103,262,264,271,292,312,323,380,448,464,529,534,538,626,634,671,742,820 
queu 14,13,504 30,168 41,725 
queue 14,496 
quick 10,16 16,125,166,215 17,349 19,208 21,314 24,219 26,377 28,106 38,270 43,138 45,186 
quiet 31,22 37,78,203 
quiv 33,485 39,52 
rabbl 38,189 
rack 12,68,71,107,111,211,215,290,429,479,515 
rackpngthumbrightdwarven 12,209 
rackpngthumbrightmight 12,477 
rackpngthumbrightshovel 12,428 
rackspngthumbrighta 12,64,103 
radi 17,122 40,175 
radiu 8,344 17,141 21,234 37,63,228 41,561 
rag 25,99,106 
rain 25,167 33,148 
rais 38,59 
ramapag 12,324 
ramp 23,95 39,65,105 
rampag 1,290,304,376,409,452,459,629,643,715 2,90,176,193 4,281 5,153,165,168,179,201,207,233,250,298,309,333,339,350 7,86,90,159,248,279,633,649,652 8,153,380,429 9,121,168,378,383,406,433,460,505 11,39,90,95,98,105 12,127,128,131,137,161,163,168,189,445,452,657 15,90,99,279,443,470 16,24,51,86,162 17,124,128,215,235,246,254,262,327,365 19,66,84,94,138,150,168,187 20,210,220,227,289,295,297,374,416,445,457,473 21,281,295,303,316 23,40,46,51,132 24,128,136,140,143 27,100,356 28,92,144,180 31,94,101,103,173,176,191 33,306,337,447,456,461 34,41,69,145,158 36,130 38,147,211,289,332,344 41,130,134,136,285,334,335,349,401 42,69,149,161,184,192 43,118,180,208,218 44,70,76,77,80,126,130,146,149,165,173 45,113,125,143,183,195,228,248,255 
randinburg 44,57 
random 14,287,510 26,199 30,170 41,158,727 
randoml 7,580 8,9 14,365,518 25,71 39,213 
rang 1,263 3,185 4,255,263,276 5,29,31,79,85,94,103,108,111,117,141 7,185,250 10,132,137 11,153,159 12,220 15,106 16,153 17,359 21,211 25,201 31,150 32,47,145 33,4,371,400 36,81,123 37,157 38,293,327 39,39,204 40,69,87 41,142 42,52,87,107,171 43,104,162,182 45,102 
rank 1,998 
rapid 1,256 7,434 33,394 43,143,194 45,104,376 
rapidl 5,55 10,20 21,245 26,411 42,18 
rar 1,14,39,48,205,576,805 41,455 
rareev 18,122 
rat 1,768,809,810,819,820 5,173 7,132,171,192,275,459,464,493,499,516,522,535,546,560,586,589,595,608,614,623,630,657 8,71,134,236 15,465 18,135 19,100,124,202 28,3,5,24,25,31,51,62,72,84,93,101,118,125,139,146,150,153,158,161 30,124 32,109,186,189 37,68,237 41,204,213,591,686,748,774,786,790 
ratio 32,112 
ratrat 2,164 7,621 12,717,746 20,462 31,153 41,188 
ratsai 41,203 
ravin 9,352 20,438 
raw 7,238 33,181 37,215 45,278 
reach 2,134 7,58,139,616 12,586 16,100 21,370 41,581 42,155 
read 3,30 14,311 18,61 22,88 38,129 41,30 
reaim 33,334 
real 5,224 6,31 37,207 39,244 
realit 8,277 
rearmor 12,347 
reason 12,696 14,55,192,221,254 17,392 29,139 41,43 
rebirth 1,719,727 17,58 45,68,393,399,405 
rec 3,95 4,92,116 7,597 12,178,291,295,360,463 17,95 25,61 27,443,460,494 28,38 30,127 32,227,238 38,300 40,302 41,113,237 
receiv 6,20 
reciev 20,123 
recogn 1,13 
recoil 11,58 
recommend 16,97 17,313 
recommiss 1,166 
reconstruct 9,193 
record 29,109 
recordingstream 29,114 
recov 10,186 
rectangular 9,247 
rectif 12,838 
recur 27,87,127,170 
red 1,478 10,126 18,101 21,4,24 30,7,36 43,92 45,153 
redhol 1,483,610 
redmagnuss 41,589 
redpng250pxframelessright 21,2 
reduc 4,111 7,436 8,235 13,176 25,53 27,173,454 30,125 31,85,164 33,190 39,41,154,219 41,143,160,193,254,258,277,403,430,499,656,662,685,781 43,193 
reent 23,107 
refil 21,132,152,156,166,276,352 
refin 12,339,381,382,492 44,97 
reflect 14,194 
reforg 17,108 
refresh 15,98 41,150 
refuel 41,590 
refus 17,81 
regain 5,259 8,389 39,91 
regard 17,21 
regen 3,71 
regener 1,191,199,414 2,145 3,96,111,156,159 5,71,273,305 10,148 12,89 15,78 20,124,137 30,13,123 32,125,160,185,278 33,86 38,345 39,50 41,60 43,144,195 45,105,377,379,387 
region 1,203 2,152 3,115 8,140,233 9,477,492,516 12,907 14,426 23,98,102,115 28,134 31,143 41,684,752,773,798 45,451 
regret 17,169 
regrowth 20,54,74,83,104,129,169,386,408 
regular 8,338 12,867 13,34,148,306 19,86 22,27,30 30,81 33,755 41,308 
regularl 9,242,493 12,701 41,4 
regularlyupd 14,335 
reinst 41,245,606 
rejoin 14,524 
rel 3,190 5,3 9,157 15,282 16,83 33,101,141 38,22 45,127 
relax 44,22 
releas 1,24 13,323 24,83,213 34,138 41,787 
reli 5,8 14,102 44,123 
reliabl 41,62 
reliev 25,110 
relog 14,529,531,533 
remain 1,109,337 4,193 8,256 26,76 32,202 41,217 
rememb 14,284 29,144 
remind 3,217 13,379 38,278 
remov 14,169 15,305 28,120 41,491 
renew 44,169 
renound 21,20 
rep 1,976 8,433 12,541,546 33,197 38,315 
repair 2,142 5,278 7,105,150,254,663 8,146 12,398,703,714,897,966,987,993,1004 13,145 14,385 15,152,189,191,351,358,416 19,218 26,130,313 33,267 41,666 
repeatedl 1,57 15,19 18,38 20,392 33,185,388 
repercuss 17,334 
repl 6,26 
replac 13,133 17,258 19,57 29,142 30,166 41,583,723 
repli 6,17 13,80,92 41,91 
repliesdeath 41,90 
report 14,44,51,53,63,66,75,92,94,97,104,113 29,32,75,89,93,126,135,137 
reportsatcoatharcom 29,152 
reposit 9,220,271 
repres 14,124 
request 14,345 
requir 1,178,744,853,974 12,16,50,52 14,93,464,477 15,415 20,339 21,109,275 27,83,91,122,131,174 31,110 32,190 38,41,44 39,40 41,259,800 
reserv 19,131 20,102 22,46 31,23 
reset 1,940 2,175 12,165,184 23,49,100,110 27,67,404 40,23 
resili 8,405 38,30 42,162 
resist 8,155 11,112,151 16,53 17,146 20,311 21,184 23,66,73 38,109,227,246,283,298 41,114 
resolut 1,532,536 
resourc 6,67,96 12,581,1041 14,150,154 15,209,412,434 19,217 22,14 26,71,305,371 41,386,756 42,144 
resourcepack 6,92 
respawn 15,18 18,37 
respect 14,259 27,395 29,4 36,29,70 41,183 
respons 14,59 
rest 4,211 14,42 38,188 45,254 
restor 1,168,176,321 13,147,169 27,182 39,47 
restrict 12,845 23,60 32,179 
result 7,67 14,235 15,29,316 16,192 18,48 27,452 
retain 25,159 
retir 27,475 
retr 9,330 
retreat 15,334 26,243 
retriev 27,422,438 
return 1,186 6,39 9,331 12,968,998 14,198 15,198 26,362 27,58,70 33,171,209 41,270,379,463,625,819 45,76 
revers 8,225 27,345 
revert 41,643 
revolv 17,9 20,8 27,397 33,244 
reward 1,25 27,28 40,46,80,122,163,201,290 41,485 
rid 34,61,76,83 38,214 
rightclick 1,534 13,243 17,279 41,223,780 
ring 41,563 
rip 25,153 
ris 1,518 40,196 
risk 41,282 
robb 1,829 
rock 21,41 
rol 3,153 4,161,164,257 6,53 7,46,66,293 8,160 10,93 11,81 14,38 16,70 28,61 33,88,94 34,111 35,57 36,52 37,81 39,138 41,176 42,59 43,75 45,81 
roll 1,300,302 2,177 5,166,170,299 7,100,651 12,156,323,444,456 15,278 17,257 21,42 23,45,131 41,216 42,195 43,221 
roof 1,278 5,35 8,301 9,106,436,440,509,525 12,254,260 17,190 20,323 37,171 
room 9,129,502 21,310,323,329 32,198 44,26 
rot 22,35,45,75 30,187 
rout 43,98 
row 9,326 
roy 2,56 20,16,27 31,14 
rub 3,8,46,50,58,64,76,101 
rud 14,255 
ruin 29,40 
rul 5,164 14,49,81,163 17,186 18,83 20,319 29,1,2,23,38,63,69,72,97,103,107,116,120,130 33,100 
rulebreak 14,45,78 
run 5,342 7,92 16,182 33,215 
runeblad 12,101,106,113,293 15,82 33,430 38,154 40,60,180,215,311 
runebladedwarven 15,81 38,153 
runebladesword 26,109 
rush 1,78 12,28 13,206 14,478,482,484,497 18,78 22,54,57,69,79 26,159,173 27,51 30,8,17,29,37,47,55,67,69,76,87,136,139,154,171,174,180,191 32,272 41,710,728,738,801 
saddl 38,116,178,224,320 
saf 5,304 9,16,368 15,335,354 37,248 38,314 
safefal 1,659 
safel 7,245 11,97,100 12,679 26,72 
safet 2,141 9,152 26,244 44,176 
saint 1,411 
salogel 1,386,394 18,110 20,29 31,2,16,24,42,57,97,105,116,119,132,165,179 41,125 
sap 8,38,258 42,142 
sat 13,63 
saturda 14,23 
sav 19,189 23,103 25,195 37,173 38,339 
sawmil 12,511 
scal 4,17 33,687 39,49 
scar 13,257 
scaveng 1,405 12,186,698 19,99,201 27,150 
scenario 1,277 21,330 43,166 
scept 4,30,150 
schedul 14,20 38,80 
schem 38,11 
screech 25,119 
screen 32,234 
scroll 20,160,162 
seal 9,52 
search 18,65 
season 13,389 40,20,21,25,52,65,86,98,128,141,172,185,207,220 41,452,453 
second 1,597,687,841,909,920 3,99,122,125,162 7,441 10,145 12,143,167,304,315,941 15,273 17,127,244,252,273 20,127,140,174,244,252,259 21,130,158 23,94,135 25,42 26,214 32,56,251 38,143,203,206,218,245 39,126,176 41,338,405,407 44,69,72 
seedspng32pxframelessleft 7,531,563 
seek 5,297 7,174,527 15,25,37 18,44,56 
seemingl 24,32 
select 6,66,94 14,248,257,286,294,364 25,72 41,209 
send 2,64,102 6,5 13,98 17,233,340 29,91,150 
sens 1,736 29,62,124 
sentinel 40,188 
seo 18,1 26,1 
separ 14,381 15,300 
seper 7,508 
seppuku 41,222 
septemb 27,104,270,361 41,383 
sequ 27,353 41,449 
seriou 2,27 5,142 
serv 1,26,240,799,896,906 2,76,173,200 3,19,150 5,23,152,205,231,252 7,51 8,3,15,32,45,55,64,75,82,90,117,124,136,148,151,168,185,195,227,238,245,285,352,383,398,409,410 9,10,35 12,148 14,1,18,33,80,125,140,145,158,171,177,228,313,329 18,81,144 19,176 20,176 21,178 22,87 23,234 26,347 27,237,248 29,15,68,106 39,136 41,36,473,509,523,571,614,677,765 44,158 45,4,159 
servantdeath 19,175 41,508,613 44,157 
servantdoom 23,231 26,350 
servic 3,23 
set 8,170,193 9,176 12,65,104,345 13,51 
setup 33,283 
sever 14,159 23,120 
severel 26,329 
severit 23,96 
shar 12,1040 29,20,35 
sharp 9,47 
shatt 16,15 
sheath 41,437,444 
sheer 25,105,174 31,20 
shield 1,673,677,684,688,694,917 5,319,336 12,286,298,300,305,316,319 16,198 26,319 30,120 32,224,228,245,255,265,276 33,378 40,251,268,269,274,277 41,411,546 45,173,215 
shielddwarven 33,376 45,213 
shieldpng32pxframelessleft 12,283 40,249 
shieldshield 26,119 30,16 
shieldsshrin 30,119 
shift 13,347 26,392,407,412 
shin 37,161 40,38,151 
shockwav 31,55 
shoot 1,220,388,507,516 2,139 4,72,240 5,340 9,90,274,311,535 20,193 23,67 31,98,174,180 33,299,445 42,159 
short 4,234 7,161 8,199,332 13,6 15,96 17,250 20,181 23,42 30,94 33,222,592 36,114 38,139 40,74 41,494 
shortbow 12,206,208,210,218 15,104 17,183,188 31,84 38,173 40,94 
shortbowbow 26,112 
shortbowdwarven 15,103 38,172 
shorten 26,164 
shortl 19,83 
shot 1,260,274,393 4,56,251 5,53,62,65,69,73,88 12,140 17,342,348 20,241,245,287,305,465 21,300 27,255 33,113,127,136,147,183,187,206,232,335,338,393,406,455,463,564,572,793 37,168 39,69,86,113,117,146 42,166 43,158,204 45,188 
shovel 5,161 12,426,431,434,437,442,446,455,466 19,20,42,50,108 40,113,126,136,139 
shovelpng32pxframelessleft 12,424 
show 12,666 
showdown 27,477 
showjump 27,476 38,194 
shrillowisp 13,322 
shrin 1,193,197,201,313,322,330,561,567,575,676,685,690,692,916,925,930 2,29 3,175 4,175,181 5,25,193 7,140,157,467,514,549,592,617 8,139,175,180,232 9,37,208,394,464,468,472,474,476,491,507,515 12,13,665,676,700,713,720,906 13,237 14,425 15,33,54,156,232,250,337,378,403,484,486,494 16,135,140 18,42,52 19,219 20,428,434 21,332,375 22,17 23,108 24,186 26,26,51,152,230,249,270,375,379,384,440 27,152,161,165,176,204 28,19,49,133 30,11,15,33,118,122 32,4,7,10,17,22,25,35,39,43,49,58,62,66,84,87,90,91,94,98,105,107,116,129,144,148,156,169,183,197,222,223,225,231,236,244,249,254,257,264,267,274 33,261,451,665 40,160,168,170,183,234,244 41,192,683,751,772,779,794,796,821 42,76 45,94,450 
shrinebox 9,524 33,118 
shrinepngthumbrighta 32,103 
shrinepngthumbrighton 32,3 
shrineshrin 15,23 18,75 26,388 
shurg 39,203 
sick 25,75 
sid 1,1004 9,203,254,261,266,358 15,7 18,17,26 
sidebar 12,667 13,416 26,79 
sidewa 39,182 
sieg 1,787 4,11,165 33,680 39,156,183 
sight 3,117 11,5 28,65 33,425 45,436 
sign 37,246 
signif 25,3 
signifi 17,129 44,78 
sill 13,32 
silv 1,992 
simpl 1,183,437 9,162 14,106 15,350,381,480 21,378 29,48 33,269 
simultan 17,36 
singl 1,137,173,195,269,289,297,392,408,417,486,527,548,587,608,620,632,636,759,850,881,983 9,325 15,13 17,30 18,32 20,341 27,439 28,94 31,112 32,136 40,51,85,127,171,206 42,109 
singular 11,2 
sink 1,424 
siphon 27,162 41,822 
sit 9,522 36,92 42,74 
situ 5,293,308 14,268 16,201 21,361 
siz 1,783 7,495,524 9,396,403,454 10,99,168 13,208 21,142 22,51 24,41,178 28,67 34,100 36,85 38,54,106 41,162,597 
sk 1,880 13,354 35,51 
skeleton 1,738,750,869 5,51,136,330,335,341 6,90 8,22 9,89,423 13,261,274 15,395,464 18,127 23,70 26,261 32,210 33,2,12,22,36,59,77,85,91,96,122,129,131,133,167,174,176,178,184,196,217,226,230,236,241,243,257,273,280,294,310,312,340,360,384,385,387,396,414,438,446,477,489,504,505,513,514,521,522,530,531,541,549,565,580,587,609,626,634,653,663,674,682,702,721,730,738,745,747,754,756,761,769,778,785,810,813,817,821,824,827 39,10,42,63,90,115,135,153,180,188,197 41,503 45,472 
skeletonimpact 41,502 
skeletoninfiltr 45,471 
skeletonpng250pxframelessright 13,265 
skeletonskeleton 24,190 
skill 5,5 21,318 31,9,21 
skinusernam 29,11 
skirmish 41,325 
skrimish 27,407 
skull 17,175 33,757 
sla 1,122,133,224,238,285,293,334,479,544,714,811 21,57 24,130 25,194 27,76,276,320,342,357,369,408,478,501,514 38,148 44,64 
slab 12,819,872,878,882,905,914,916 21,392 41,641,647,654,660,665 
slabpngthumbrightth 12,874 
slain 1,594,818 13,404 
slay 1,674 27,75 
slid 24,82,88 
slight 2,88 9,421 43,22 
slim 1,780 18,136 34,6,19,27,35,46,57,60,73,77,86,101,104,113,137,142,143,152 
slimeslim 12,151,276 41,161,228,306 
slop 24,163 
slow 4,63,282 5,190,237 8,133,224 9,11,304 16,57,178 19,156 24,77 26,234 30,14 33,274,636,644 34,65,112 39,104 45,431,439 
slowl 5,95 12,88,981 15,77,410,420 25,92 32,280 35,45 
slur 29,6 
small 4,125 7,494,523 9,80,349,420,426 10,8,98 13,315 14,141,428,440 22,76 26,184 28,9,66,74 30,80,188 31,151 32,200 34,107 36,76,84 39,18 41,24 43,47 
smallif 22,83 
smok 13,370 
smooth 12,383 
smoothl 14,321 
snar 33,245 
sneak 10,101 34,79 37,123 
snip 33,586 39,74,77,84,100 
snow 13,438 35,16,39,41,64,70,75,89 
snowman 13,428,435 35,27,33 41,251 
snowmen 13,424 35,5,26,58,68,80 
sobr 7,471 
soldi 40,255 
solitar 20,340 31,111 
solo 27,450 41,296 
someon 14,46 
son 25,187 
soon 26,221 
sort 10,146 33,119 
soul 17,159 25,118,152,160 
sound 7,41,557 8,269 28,57,127 37,75 41,248,439,446 42,133 43,188 45,155 
sourc 3,108 7,632 12,731 15,427 33,164 
spac 3,168 9,299,485,490,496 16,133 35,88 41,691 
spam 15,319 29,57 33,213 
span 12,600 33,223 
spar 2,113 3,136 17,291 20,350 21,256 24,103 38,253 
sparingl 15,328 21,360 
sparkl 12,172 15,449 
spawn 1,905 2,115 3,138 4,84 7,454,510,587,609 8,8,37,98,109,305,319,340,426,431,434 11,10 12,32 13,44,112,125,204,210,279,293,309,351,432 15,161,184 16,68 17,293 18,77 20,352 21,258,365 23,5,7,10,18,29,32,85,114,241,245,255,262 24,105 26,170,355,359 28,156 30,86,101 33,60,78,490,551,705 34,47 35,9 38,18,40,43,53,57,75,255 40,54,88,130,174,209,305 41,59,281,307,331,341,360,511,699,708,735 45,266,467 
spawnpngthumbrighton 23,2 
speak 25,203 
speci 1,584,592,872 13,113,126,310,359,421,433 14,486 17,245,259 22,59,74 27,410,420 30,19,186 38,3,357 40,9 41,293,309 
special 12,1017 
specif 9,170,183 26,102 41,53 
spect 27,499 
spectr 27,406 41,324 
sped 14,490 22,65 30,25 
spee 5,238 7,343 10,97,128,167 13,339 17,247,304 26,216 30,109 33,165,550,556 38,167 43,51,108,213 44,131 45,313,320 
spell 1,506 41,603 
spend 2,19,31,117 3,140 8,24 17,295 20,354 21,260,269,347 24,107 27,264,266 34,87 38,257 
spent 31,129 
spid 42,24 
spiderl 5,174 15,466 18,134 36,3,5,18,19,25,33,50,53,66,83,106,125 
spiderlingspiderl 2,165 10,77 31,157 41,166 
spik 24,22,54,58,181 
spit 36,95 42,43,81,126 
split 13,313 
spook 13,256 
spot 7,287 37,164 
spread 25,96 33,732 
sprint 14,461 15,169 
sprocket 1,500,615 18,102 41,152,607 
sprocketsprocket 41,601 
sprockettind 1,509 
sprocketwand 1,503,621 
squall 13,439 35,17,40,42,65,71,76,90 
squeak 13,378 
sta 1,784 3,229 4,203 8,113,417 10,151 11,168 12,14 15,291,312 25,56 34,139 42,174 
stack 19,74 21,141 24,40 41,550,558,599 
staff 14,344 19,8,43,47,67,95,105,141,161,188 
stag 4,108 
stair 9,307,327,333 24,167 
staircas 9,280,286,295 
staircase300px 9,285 
staircaselik 9,258 
stamped 11,4 
stand 1,200,307,309 8,137,221,230 12,734,769 14,424 15,110,174,195,251,382,402,483 17,330 21,135 26,269 32,41,61,128,243 33,238 37,169,176,225 39,32 41,681,770 
standard 2,37 3,40 17,88 19,34 20,68 21,67 24,11 31,36 44,38,74,91 
standspngthumbrightarmor 12,333 
start 5,169,176,180,200,287 7,278,344,650 9,202,432 12,37,225,443,451,831 14,9,24,30,41,360,411 15,469 17,326 18,62 19,137 23,130 25,181,202 28,91,143 29,85 30,106,135,142 31,172 33,24,70,305 36,129 40,24 41,375,698,817 42,183,191 43,207,217 45,124,131,194,247 
starv 14,460 
stat 1,366 6,45,52 7,642 9,456 12,338,369 16,147 28,172,178 33,211 41,172,451,478 
statist 1,987 6,48,78 40,229 41,174,184 
statu 1,142,149,153 3,89 6,74 8,422 20,117 21,225 23,89 30,45 
steal 1,764,772 7,134,468,553,618,626,659 8,67 12,694 28,17,53,79,123,131,162 41,753,776,792 42,180 
stee 38,28 
stick 12,545,549,551 17,335 
stolen 7,559 12,716 28,59 40,243 41,239,785 
ston 7,180,183,209,572 12,201,491,639,777,781,784,792,799,808,811,815,861,895,912 17,310 38,119,230,237,280,302 45,62 
stop 7,260,286 
stor 24,37 
storm 25,131,132,135 
stra 9,96 32,219 
straight 9,167,412,425 33,216 
strain 26,368 
strang 13,231 20,35 
strateg 4,223 7,217 8,350 10,161 11,143 16,144 28,100 33,359 34,136 35,79 36,105 37,151 42,136 43,102,168 45,177 
stream 29,110 
strength 8,377 10,50 13,340 16,160 17,44 19,165 20,11,363 34,150 38,35 43,41 44,85,121,150 
strengthen 12,635 26,143 
strengthenhanc 43,82 
stretch 9,413 
strictl 17,352 20,369 
strik 1,572 3,34 4,241 10,18 20,204 25,136 31,62,134,166 34,159 43,80 
strikingl 1,554 
string 17,164 31,52 38,161 
striv 22,5 
strong 10,114 12,641,767 15,324,384 17,113 20,50,417 25,212 26,219,277 32,119 37,170 43,49 44,16 45,86 
strongbox 12,1007,1009,1012,1015 13,46,129 27,522 41,458 
strongboxstrongbox 41,98 
strongest 12,783 20,423 
struck 31,75 43,147,196 
structur 7,152,167,273 9,94,122,171,182,250,259,268,369,400,404 10,172 36,47,58 
struggl 17,63 
stuck 9,51 16,108 
stuff 40,77 
styl 22,8 
styleverticalaligntop 18,67,95 
subject 17,185 20,317 31,81 
submenu 41,367 
submiss 14,310 
submit 14,306 22,85 40,300 
subsequ 1,689 32,253 33,552,595,613,638,655,690,706 41,41 45,316,330,347,363,383,401 
substanti 4,46 
succe 15,213 
success 12,19 17,350 24,174 27,324 33,395 43,157,202 
suffic 37,179 
suit 27,180 41,381 
sum 25,63 
summon 1,241,800 8,166,293 13,436 35,14 
sup 1,156,667,875 5,132,216 8,328 12,851,864,899 18,137 27,116,125,134,140 35,92 37,4,7,16,29,31,37,72,82,99,117,120,128,152,190,212,229 38,115,177,223,319 41,668 
supercreepersupercreep 41,559 
superhors 13,194,199,202,262,268,269 14,466 18,121 27,481,495 38,12,15,29,33,42,51,70,77,83,87,104,126,136,163,180,210,219,225,234,248,251,277,285,295,316,347 41,77,153 
superiorit 20,48 
supersed 41,40 
suppl 44,118 
suppli 2,116 3,139 12,36 17,294 20,353 21,259 24,106 26,172 30,107 38,256 
support 1,788 2,123 3,31,146 17,301 20,9,56,360,367 21,266 24,113 33,291 38,32,266 
sureshot 1,387 18,111 20,30 31,3,19 40,101 41,126 
sureshotnohdalagnohdalag 1,395 
surround 3,69 15,446 
surv 1,155 5,61 13,69 15,38,218 18,57 27,200,469 
surviv 9,29 12,595 40,256 
suscept 7,88 
swap 7,213 
swath 31,148 
swift 17,384 40,157 
swing 2,33 21,286 28,135 43,114 
switch 1,470 12,454 17,207,362 19,140,179 20,454 33,203 
sword 1,549 5,160 7,643 12,110,289,453 15,88,275 17,97,121 19,139,180 20,455 28,173 31,182 38,134 40,50,63,114 41,586 43,113 44,46,59 
swordpng32pxframelessleft 12,99 
syntax 6,9,21,51,116,123 
system 29,90 
tab 14,118 
tabl 12,216,335,435,483,520 44,100 
tactician 17,23 
tailor 9,174 13,15 
tak 10,156 32,120 
talon 28,26 
talonpng32pxframelessleft 28,23 
tandem 2,159 8,415 36,73 
tank 1,487 3,149 19,149 42,9,61 45,189 
tanki 42,189 
tap 5,221 
target 1,281 3,192,206 4,197,228,297 5,107,131 7,84,251,654 8,255,354 9,310 11,147 15,127 17,211 19,184 20,200,218 24,126,153,170 26,203 28,142 33,204 34,34,126 35,82 37,119,126,156 38,291,292 39,70,246 41,354 42,97 45,136 
task 3,33 8,169 15,47 20,21 21,356 26,59,246 31,29,32 
taxi 38,274 
team 1,18,40,55,60,317,911 15,141 29,46 41,232 
teambas 41,297 
teamm 34,122 
teamwork 5,7 
tear 7,303 9,293 16,79 27,275 36,89,111 41,273 
teeth 38,162 
teleport 8,41,76,103,214,279 23,240 25,120 26,354 45,397 
tell 6,106,109 37,206 
tempor 13,346 26,391,406 
temporar 13,29 14,179,188,317 23,15 41,85,290,321,633 
temporaril 3,197 8,96 38,192 
tend 5,138 9,323 44,115 
term 20,13 
terr 23,225 
terrain 35,20,53 
test 14,506 39,1,3,5,15 
textur 12,1018 40,275 41,409 
themself 12,395 
thick 9,209,210,356 25,208 
thicken 11,107 
thin 8,274 
thing 26,87 
think 37,148 
third 25,33 26,195 
thor 1,319 17,39,42 40,154 
threat 4,305 7,237 10,165 33,5 43,173 
three 1,964 5,67 13,314 33,13 34,97 39,112 
thriv 40,116 
throw 1,558,660,877 11,56 20,437 37,50 
thrown 11,46 12,691 20,427 
thund 17,40 
tick 8,198 33,157 37,66,235,244 
tier 1,746 7,317,323,350,369,424 33,466,495,537,717 45,270,303,415 
tim 1,45,52,54,68,73,356,693,734 2,21,32,114,118,183 3,137,141 4,68,95,146,159 5,260,312 7,93,439,606 8,287,406 9,139,372,416 10,191 12,162,227,601,863 13,7 14,7,27,109,193 15,97,147,353,401 16,58,67 17,109,269,292,296,320,380,389 20,234,351,355 21,159,257,261,270,346 23,50,54 24,104,108 26,75,80,167,432 27,62,296 30,97 31,128 32,121,235 33,26,224,593 34,98 36,116 37,69,106,137 38,23,254,258 39,103,110,230 43,153 44,127 
timel 17,391 
timid 3,12 31,25 
tinderflam 41,602,608 
tip 2,107 3,130 9,40 15,254,439 17,285 19,115 20,344 21,250 24,97 31,115 38,247 44,101 
titl 6,70,98,101 18,92 31,18 40,1,5,7,18,27,67,100,143,187,222,247,265,303 41,417,732 
titleprogress 26,2 
titlescultistcultist 41,432 
titlestitl 1,961 
titlestop 41,415 
titleth 18,2 
titletop 41,416 
to 14,376 
toda 39,4 
toggl 6,83,85,104,108 14,240,246,275,279 
toler 14,170 29,148 
tomb 40,131 
ton 13,258 33,73,80,220 39,44,194 45,232 
tool 9,288 12,4,33 15,212 30,103 38,13 
tooth 33,16,53,65 
top 5,27 9,279,523,537 21,136 24,185 32,233 33,450 40,227,246,264 
tops 1,131 
torch 3,191 12,197,526,557,723,733,740,749,947 15,163,173,320,326,405 26,268,323 27,212,216 28,16,37,41,64,112,122 33,343 40,237 41,506 44,28 
tot 1,252,375,400,854 7,641 12,320,415 19,75 28,171 
touch 8,58,129 41,622 
touchpng32pxframelessleft 8,53 
tough 11,146 34,95 42,170 45,291 
tow 5,118 9,63 33,116 
track 5,197 9,292 27,35,49 
trail 42,44 
trait 41,284,342 
transit 5,157 27,235 
transport 27,238 
trap 1,616 15,341 21,390 
travel 1,446,492 21,105 24,200 
travers 2,125 9,278 24,115 32,154 38,268 41,207 
treasur 20,188 
tree 42,79 
trick 1,843 37,146 
trigg 1,114,950 
trivia 41,810 
troubl 14,149 17,371 
trounc 27,213 
true 5,75 42,96 
trust 38,27 
tumm 13,373 
tun 20,97 
tunnel 15,424 16,78 
turn 7,166,544 12,539,543,548,556,789,795,858 14,261,263 36,41 
turv 1,132 
tusk 11,27,63,76,115 
tutori 6,84 
tweak 41,25 
twist 20,40 35,44 
two 1,332 
typ 1,287,390,433,618 5,9 8,424 9,249,267 20,211 23,3 33,8 38,6,46 43,97 
typical 9,243,405,437,510 15,138 22,72 30,79 33,110,134,264 38,17 
ultim 8,46 
un 9,101 12,678 13,187 15,168 17,328 25,81 33,307,365 34,68 
unawar 29,141 
unban 14,225 
unbecleav 1,541 
unbreak 12,942 38,361 
uncheck 4,231 28,103 
undead 1,404 18,113 19,3,15 40,195 41,110 
undeadey 27,304 41,672 
undeadstaff 41,117 
undefend 13,238 
underestim 45,241,461 
undergrowth 13,230 
unfocus 1,384 
unignor 6,119,121,124 
uniqu 12,893,1037 
unit 4,12 
univers 33,99 
unlimit 14,528 
unload 21,320 
unlock 1,47,49,58,235,681,697,710,752,814 7,475,484,507 8,16 14,135 45,37,138 
unmatch 17,319 44,33 
unmitig 17,48 
unnecessar 15,349 28,121 
unrel 8,367 
unrival 4,16 16,131 
unseen 1,445 18,117 24,3 41,397 
unseenmyra 41,231 
unsheath 41,438,445 
unsuspect 8,436 26,436 43,59 
unupgrad 10,42 
unus 9,109 
upd 14,507 18,89 41,3,31,42,46,54,201,211,388,393,471,759,824,826,828 
updates20192019 41,827 
updates20202020 41,825 
upgrad 1,748 7,48,60,288,290,306,314,319,325,327,336,346,352,354,365,371,375,401,426,430,447,474,486,490 8,18 13,245 14,356 15,390,397 26,217,300,337,345 32,74,214 33,67,89,228,296,465,468,470,480,491,497,499,539,543,582,628,676,719,723,740,763,780,819 43,20 45,36,45,229,269,272,274,285,297,305,307,321,336,352,372,389,411,417,419,476 
upkeep 9,7 
upp 45,219 
upsid 1,135 
uptim 1,377 
us 24,31,61 29,18 41,18 
usag 5,42 19,154 21,357 
usernam 29,13 
usu 32,57,281 
util 15,179 26,278 
utilit 38,118 
valid 41,569 
vall 9,204 
valu 10,199 33,290 37,214 
vampir 45,116,325 
vantag 2,137 
var 32,170,177 
vari 14,403 38,85 43,23 
variet 12,1022 
vast 35,86 
venom 36,36,42,59 
venomburn 5,77 18,133 39,217,227,252 42,3,5,23,30,35,42,50,60,89,106,108,137,164,178,185,197 
venomburnervenomburn 3,226 8,72 17,375 24,191 26,421 
vers 14,350 17,11 22,11 43,150 
vert 9,252,260 
vi 23,173 
vial 21,195 
vicinit 37,242 
victor 21,43 
view 6,47,77 22,25 
vii 23,198 
vin 33,423,432,654,659 45,475 
vinewa 33,250,284 
viol 14,161 29,129 
virtual 21,294 
vis 3,114,181 5,178 26,83,181 
visibilit 5,105 
visit 27,43 30,148 
visu 41,604 
vlaurunga 25,188 
voic 29,112 
voll 33,143,563,568 39,116,145 
volum 37,204 
vot 22,40,50 
vulner 4,254 15,348 36,121 45,135 
wa 20,410 
wait 14,183 20,240,242,257 44,167 
walk 7,53 12,695 
wall 3,177 4,173,249 5,120,144 7,27,54,116,156,199,202,223 9,64,81,99,103,143,187,192,199,205,211,216,236,245,357 10,14,72,105,171,178 11,48,53,87,104,124,126,135,164,169 12,624,875,886,891 13,119 15,227 16,19,80 19,207 24,63,65,75,81,87,91,93,192,201,210,220 28,160 33,117,686 35,72 36,11,39,62,87,88,96,113 37,19,49,110 41,75,361 42,78 43,70 
wallpngthumbrighta 9,190 
want 21,54 
war 15,5 18,15,24 20,38 21,21 40,253 
warn 23,125,136,139,142,147,152,157,169,190,194,215,219 
warrior 38,185 
wast 9,75 17,390 
wat 1,612 21,19,193,197,203,213,389 37,178 
watch 33,412,434 
waterhol 1,611 
waterpng32pxframelessleft 21,191 
wav 8,10 21,47 30,132 
waypoint 12,574,577 14,444,449 15,210 
weak 5,49,177 10,190 12,630 13,138,154 20,411,460 24,125 26,263 28,10 32,124 33,265,362,773 34,66 
weaken 7,263 8,205 9,447 19,193 20,381 31,170 
weapon 4,166 12,5,34,116,221 14,390,391,397 15,85,107 17,115 21,38 30,104 36,72 40,14,57,91,133,177,212,308 41,623,737 
wear 3,67 13,153 20,93 27,274 41,272 45,145 
websit 41,475 
week 14,43 
weekend 14,15 
weekl 14,21 22,37 
wellcraft 17,222 
whatsoev 21,176 
whilst 1,227 24,73,85,139,211 
whisp 6,15 
whit 32,260 
whitelist 14,314,318,327,330,333,341 
whol 27,23 
wid 9,302,419 
wield 19,7 21,37 24,7 31,7 40,258 44,8 
wif 17,162 
wiggl 1,174,179 12,957 
wildl 7,65 
will 1,696,825,972 2,63,78,87,95,101 3,83,103 4,37,51,62,91,100,110,118,131,137,247,296 5,70,189,258,286,313,343 7,19,33,40,63,189,465,552,581,596 8,91,95,102,112,131,144,189,223,234,265,286,304,309,316,345,370,411,428 9,5,85,303,322,390 10,38,86,124,175 11,32,43,66,71,129,165 12,31,78,87,119,126,135,138,155,164,177,183,224,233,239,243,256,274,294,301,311,317,342,380,386,462,533,538,568,571,578,583,663,687,737,741,745,779,787,883,908,938,965,980,986,992,1002,1035 13,11,13,43,49,72,84,95,132,162,168,179,292,318,335,337,355,361,376,405,412 14,8,181,234,271,291,324,475,516,525,535 15,28,52,76,89,111,115,123,129,143,151,176,197,225,238,244,247,270,315,362,467 16,20,41,121,191 17,191,197,213,255,333,339 18,47 19,155,210 20,111,133,150,164,198,206,246,253,260,282,291,308,325,459 21,63,145,151,219,236,274 22,42 23,34,64,71,77,216 24,44,66,76,89,134,141,160 25,11,26,38,52,60,76,89,112,198 26,89,163,190,196,264,396 28,52,126,137 29,147 30,35,39,165 31,65,95,189 32,2,130,226,237,258,275,277 33,23,33,40,44,84,205,341,457,524,771,795 34,56,92,105,123 35,34 36,26,34,45 37,39,64,74,91,172,233,243 38,16,26,209,354,363 39,97,111,122,132,172,198 40,37,155 41,47,236,329,392,428,484,812 42,36,53,70,129,153,157 43,36,66,90,100,115,134 44,114 45,14,32,39,54,75,151,198,407,463 
willingl 28,96 
win 15,36 18,55 
window 39,75 43,152 
wint 13,382,386,399 27,428,431,446 35,37 41,249,288 
with 23,161,174,199 25,78 33,175,177,195,225,235,386,512,516,579,737,753,816 39,62,89 
witherpngwith 33,812 
wizardr 1,118 
wolf 18,132 23,63 43,29,35,65,122,130,149,156,201,209,223 
wolfwolv 3,207 17,374 24,155 26,420 42,122,173 
wolv 3,225 5,76 39,231 43,3,5,28,54,76,99,105,160,169,185 
wooden 45,359 
woodwork 12,516,525,528,751,822 
work 4,235 5,126 7,162 12,468 14,101 17,385 29,78 
workhors 45,5 
worri 39,98 
worship 1,190 
worth 8,182 
wound 3,75 21,80 
wrench 1,175,180 12,421,958,964 13,127,130,146,167 15,186,190,196 27,189 
wrencheswiggl 27,188 
wrencheswrench 15,182 26,318 
wrenchpng32pxframelessleft 12,956 
wrenchwiggl 12,420 
writ 14,88 
xp 1,27 12,84 14,127 
year 13,2,25 
yield 15,478 20,283 
young 3,10 40,107 
zealot 1,320 3,25 
ziro 1,374 18,109 41,400 44,4,15,44,67,102,105,113,160 
ziross 44,120 
zombi 1,718,723,868 2,179 3,209 5,50,64,149,172,182,195 6,65,89 8,21 9,431 10,4,10,28,37,43,59,67,95,112,150,163,184,198,203 13,260,289,300 14,352 15,3,394 18,7,13,22,126,131 21,114,288 23,62 25,84,87,91 26,6,31,260,424 31,156,169 32,71 33,304 39,233 41,280,328,340,346,351,358,703,707 42,194 43,21,220 45,2,9,22,31,53,74,82,97,109,122,130,137,144,158,171,179,197,226,236,260,281,294,312,326,341,358,378,394,409,442,455,460 
zombieai 42,193 43,219 
zombiedig 26,423 31,155 
zombiefur 3,208 
zombiepng250pxframelessright 10,2 
zombiepngsup 38,371 
zombiezombi 24,154 26,419 42,121 43,145,205 
